0 11.5122 13067 -1.26958e-07
1 45.5587 13033 2.24845e-07
2 101.394 12977.3 5.67906e-07
3 177.258 12901.5 9.1503e-08
4 270.779 12808.2 6.46647e-07
5 378.733 12700.5 1.26926e-06
6 497.76 12581.6 1.65095e-06
7 624.381 12455.2 2.63465e-06
8 755.132 12324.7 4.12421e-06
9 887.582 12192.4 3.03828e-06
10 1019.63 12060.5 3.12977e-06
11 1149.3 11930.9 3.72977e-06
12 1275.94 11804.3 2.6719e-06
13 1399.28 11681 3.30141e-06
14 1519.39 11560.9 1.94024e-06
15 1636.76 11443.6 4.2698e-07
16 1752.28 11328 2.45387e-06
17 1866.54 11213.7 2.29171e-06
18 1980.26 11100 1.38038e-06
19 2094.48 10985.7 2.8346e-06
20 2209.65 10870.5 2.05406e-06
21 2325.9 10754.3 2.90107e-07
22 2443.45 10636.7 6.25267e-07
23 2562.56 10517.6 9.50648e-07
24 2683.1 10397.1 1.373e-06
25 2804.74 10275.4 -1.57906e-06
26 2927.45 10152.7 7.39237e-07
27 3051.28 10028.8 3.73297e-06
28 3175.94 9904.16 6.94301e-06
29 3301.01 9779.05 8.8776e-06
30 3425.64 9654.41 9.5006e-06
31 3549.95 9530.1 1.21193e-05
32 3674.3 9405.75 1.35424e-05
33 3798.09 9281.99 1.25705e-05
34 3921.27 9158.81 1.09579e-05
35 4043.18 9036.93 1.21044e-05
36 4162.93 8917.2 7.6876e-06
37 4280.07 8800.09 1.05229e-05
38 4394.1 8686.05 6.80378e-06
39 4505.88 8574.23 7.79377e-06
40 4617.42 8462.63 1.01109e-05
41 4730.08 8349.96 1.22774e-05
42 4842.94 8237.04 1.02948e-05
43 4954.35 8125.6 1.13146e-05
44 5063.14 8016.79 9.68389e-06
45 5168.71 7911.16 8.44616e-06
46 5272.26 7807.57 9.23872e-06
47 5374.61 7705.19 1.08471e-05
48 5476.03 7603.78 1.04415e-05
49 5577.34 7502.45 7.26152e-06
50 5677.99 7401.79 1.19488e-05
51 5776.41 7303.39 6.98399e-06
52 5872.98 7206.8 7.95536e-06
53 5968.15 7111.63 7.46548e-06
54 6060.76 7018.97 5.52414e-06
55 6152.71 6927 7.2103e-06
56 6245.69 6834.04 6.71844e-06
57 6338.8 6740.98 6.39795e-06
58 6419.98 6648.35 -4.63535
59 6531.56 6559.79 4.63536
60 6609.6 6470.27 1.65869e-06
61 6697.16 6382.78 6.04428e-07
62 6781.9 6298.13 -2.09454e-06
63 6830.58 6210.78 -10.0171
64 6969.59 6149.23 10.0171
65 7007.44 6072.66 1.68011e-06
66 7072.29 6007.78 -1.82167e-06
67 7132.37 5947.64 -4.74975e-07
68 7189.35 5890.58 1.93808e-06
69 7246.04 5833.81 -2.20537e-06
70 7303.72 5776.07 -1.0021e-06
71 7361.13 5718.66 -3.51481e-06
72 7416.76 5663.17 -3.69118e-06
73 7469.16 5610.81 -7.65221e-06
74 7519.65 5560.32 -6.99819e-06
75 7570.34 5509.65 -7.20518e-06
76 7621.09 5458.89 -1.02478e-05
77 7672.96 5407.01 -1.66292e-05
78 7727.04 5352.95 -1.73524e-05
79 7784.03 5295.98 -1.88183e-05
80 7844.29 5235.79 -2.22279e-05
81 7905.05 5175.12 -2.57086e-05
82 7963.98 5116.26 -2.81967e-05
83 8021.64 5058.63 -2.77665e-05
84 8079.12 5001.16 -2.68472e-05
85 8136.02 4944.25 -2.08374e-05
86 8189.91 4890.41 -2.23033e-05
87 8240.48 4839.85 -2.38977e-05
88 8289.42 4790.93 -2.6742e-05
89 8336.76 4743.57 -3.11928e-05
90 8382.95 4697.43 -2.98987e-05
91 8428.48 4651.95 -2.94484e-05
92 8472.8 4607.74 -2.81623e-05
93 8515.31 4565.29 -2.68384e-05
94 8556.76 4523.89 -3.27188e-05
95 8595.89 4484.83 -2.76249e-05
96 8632.9 4447.86 -1.97329e-05
97 8668.44 4412.34 -1.84961e-05
98 8702.13 4378.64 -1.63633e-05
99 8734.26 4346.5 -1.23018e-05
100 8765.74 4315.02 -1.1147e-05
101 8797.17 4283.58 -7.16932e-06
102 8828.5 4252.24 -4.09316e-06
103 8860.69 4220.04 -4.74812e-06
104 8894.4 4186.32 -1.00948e-05
105 8929.73 4150.98 -8.17515e-06
106 8967.02 4113.69 -1.08089e-05
107 9006.62 4074.07 -1.05789e-05
108 9047.71 4032.98 -9.56841e-06
109 9090.54 3990.15 -9.44361e-06
110 9136.48 3944.21 -7.4245e-06
111 9184.96 3895.74 -2.67103e-06
112 9234.31 3846.43 4.82192e-07
113 9283.69 3797.08 -1.1567e-06
114 9333.12 3747.68 3.03175e-06
115 9381.99 3698.81 1.20396e-05
116 9429.88 3650.93 1.46851e-05
117 9476.01 3604.83 1.73934e-05
118 9519.88 3560.97 2.24048e-05
119 9561.94 3518.92 1.95522e-05
120 9601.92 3478.96 2.17139e-05
121 9640.24 3440.64 2.29576e-05
122 9677.23 3403.65 2.47226e-05
123 9712.17 3368.71 2.37806e-05
124 9744.67 3336.22 2.47536e-05
125 9774.71 3306.19 2.28367e-05
126 9802.81 3278.09 2.19608e-05
127 9829.88 3251.01 2.30123e-05
128 9856.48 3224.4 2.62284e-05
129 9882.57 3198.33 2.67089e-05
130 9793.45 3164.98 -38.428
131 10051 3152.32 38.4281
132 9963.31 3117.59 1.72722e-05
133 9991.73 3089.18 1.93019e-05
134 10020.6 3060.31 1.65142e-05
135 10050.4 3030.52 2.03208e-05
136 10081.5 2999.45 1.88578e-05
137 10113.3 2967.64 1.43831e-05
138 10145.4 2935.52 1.78947e-05
139 10178 2903.01 1.80546e-05
140 10210.9 2870.07 1.58753e-05
141 10244.1 2836.87 1.34117e-05
142 10276.8 2804.24 1.73338e-05
143 10308.6 2772.39 1.69894e-05
144 10340.3 2740.71 1.90898e-05
145 10371.9 2709.12 1.61551e-05
146 10403 2678.05 5.91937e-06
147 10433.4 2647.71 7.41612e-06
148 10463.4 2617.74 4.28688e-06
149 10493.1 2588.03 6.20307e-06
150 10522.7 2558.4 -1.07917e-07
151 10551.8 2529.3 5.343e-06
152 10579.9 2501.22 6.40377e-06
153 10607.1 2474.02 4.71529e-06
154 10633.6 2447.53 4.33438e-06
155 10659.5 2421.62 -2.29804e-07
156 10684.8 2396.3 2.77348e-06
157 10709.8 2371.29 4.37815e-06
158 10734.7 2346.39 5.91483e-06
159 10759.3 2321.83 5.9898e-06
160 10783.4 2297.74 7.37631e-06
161 10807.2 2273.89 1.06627e-05
162 10830.9 2250.24 1.79363e-05
163 10854.3 2226.87 2.30996e-05
164 10877.4 2203.79 2.30912e-05
165 10900.5 2180.65 2.7135e-05
166 10923.6 2157.62 2.16849e-05
167 10946.3 2134.85 2.1873e-05
168 10969 2112.2 2.25552e-05
169 10991.4 2089.82 2.34771e-05
170 11013.2 2068.05 2.36167e-05
171 11033.9 2047.33 1.85468e-05
172 11053.9 2027.32 1.65708e-05
173 11073.5 2007.69 1.97483e-05
174 11092.8 1988.45 2.20248e-05
175 11111.4 1969.78 1.14432e-05
176 11129.8 1951.45 1.1134e-05
177 11148 1933.23 8.76002e-06
178 11165.9 1915.32 -2.24449e-06
179 11183.5 1897.73 -5.7593e-06
180 11200.9 1880.31 -3.95556e-06
181 11218.3 1862.92 -8.38045e-08
182 11235.6 1845.67 -1.42207e-06
183 11252.5 1828.68 -2.63494e-06
184 11269.3 1811.89 -7.86036e-06
185 11286.5 1794.7 -8.77061e-06
186 11304.1 1777.07 -9.27597e-06
187 11322 1759.22 -1.50229e-05
188 11340.1 1741.11 -1.16713e-05
189 11358.6 1722.57 -1.18865e-05
190 11377.9 1703.37 -6.71041e-06
191 11397.4 1683.79 -7.29505e-06
192 11417 1664.23 -3.61842e-06
193 11436.6 1644.59 -3.51761e-06
194 11456.5 1624.79 -2.52482e-06
195 11476 1605.3 -7.45361e-06
196 11495 1586.29 -1.08765e-05
197 11513.5 1567.77 -1.26087e-05
198 11531.6 1549.71 -5.66803e-06
199 11549.3 1531.94 -1.92574e-06
200 11566.8 1514.45 5.19602e-06
201 11584.2 1497.06 8.84873e-06
202 11601.5 1479.74 1.18855e-05
203 11618.7 1462.54 1.06334e-05
204 11635.7 1445.54 5.88817e-06
205 11652.4 1428.86 4.95679e-06
206 11668.9 1412.39 8.37492e-06
207 11685.3 1395.94 6.28323e-06
208 11701.8 1379.48 9.15385e-06
209 11718.2 1363.14 1.03926e-05
210 11734.2 1347.11 8.04744e-06
211 11749.8 1331.5 3.51015e-06
212 11765 1316.34 1.89211e-06
213 11779.9 1301.44 1.2964e-06
214 11794.6 1286.7 8.81776e-06
215 11809.3 1272 1.16476e-05
216 11823.9 1257.4 1.29496e-05
217 11838.1 1243.16 1.37752e-05
218 11852.2 1229.14 1.14013e-05
219 11865.9 1215.36 1.22471e-05
220 11879.5 1201.84 7.5883e-06
221 11892.7 1188.63 9.56515e-06
222 11905.5 1175.78 1.21557e-05
223 11918 1163.3 1.96438e-05
224 11930.1 1151.2 1.72406e-05
225 11941.7 1139.59 1.46761e-05
226 11952.9 1128.4 2.06981e-05
227 11963.8 1117.53 1.565e-05
228 11974.2 1107.1 1.09859e-05
229 11984.3 1097.01 1.43386e-05
230 11994.2 1087.15 1.58269e-05
231 12003.7 1077.58 2.102e-05
232 12013 1068.3 1.96621e-05
233 12022 1059.35 1.48996e-05
234 12030.5 1050.86 1.31282e-05
235 12038.7 1042.6 7.42218e-06
236 12047 1034.32 1.18483e-05
237 12055.2 1026.07 1.30746e-05
238 12063.4 1017.9 1.55673e-05
239 12071.5 1009.78 1.76681e-05
240 12079.5 1001.8 9.45944e-06
241 12087.4 993.959 1.44225e-05
242 12095.1 986.226 1.93432e-05
243 12102.7 978.588 1.77613e-05
244 12110.4 970.932 1.99601e-05
245 12118.1 963.266 2.63024e-05
246 12125.7 955.638 2.78654e-05
247 12133.3 948.057 2.92654e-05
248 12140.8 940.567 3.05648e-05
249 12148.1 933.218 2.99788e-05
250 12155.4 925.948 2.73682e-05
251 12162.7 918.657 3.51619e-05
252 12169.9 911.403 3.49705e-05
253 12177 904.287 3.0668e-05
254 12183.9 897.415 3.58624e-05
255 12190.7 890.642 3.08494e-05
256 12197.5 883.847 3.25441e-05
257 12204.1 877.213 3.73973e-05
258 12210.6 870.722 3.25156e-05
259 12217.1 864.263 2.44998e-05
260 12223.6 857.764 2.16936e-05
261 12230.1 851.229 2.428e-05
262 12236.5 844.838 2.68333e-05
263 12242.7 838.651 2.76407e-05
264 12248.8 832.555 3.56557e-05
265 12254.8 826.493 3.78639e-05
266 12260.9 820.401 3.79062e-05
267 12267.2 814.09 3.12487e-05
268 12273.5 807.79 3.1432e-05
269 12279.7 801.645 3.1041e-05
270 12285.9 795.468 2.85206e-05
271 12292 789.293 2.91774e-05
272 12298.2 783.098 2.78777e-05
273 12304.5 776.86 2.53143e-05
274 12310.7 770.674 3.4966e-05
275 12316.8 764.528 4.23391e-05
276 12323 758.35 4.29099e-05
277 12329.2 752.176 4.07444e-05
278 12335.4 745.936 4.0119e-05
279 12341.7 739.62 3.78871e-05
280 12348.1 733.279 3.57602e-05
281 12354.5 726.886 3.13092e-05
282 12360.8 720.556 3.65633e-05
283 12356.2 714.101 4.64652
284 12383.9 708.441 -4.64646
285 12379.3 702.072 2.63643e-05
286 12385.4 695.899 2.27862e-05
287 12391.6 689.73 2.68621e-05
288 12397.7 683.605 2.33636e-05
289 12403.8 677.577 1.31638e-05
290 12409.6 670.599 -0.123638
291 12415.3 667.231 0.123663
292 12421 660.365 1.21962e-05
293 12426.7 654.669 9.48168e-06
294 12432.4 648.955 7.8422e-06
295 12438.1 643.289 1.05717e-05
296 12443.6 637.716 2.62342e-06
297 12449.1 632.254 3.50992e-06
298 12454.4 626.976 8.1961e-06
299 12459.5 621.832 1.14653e-05
300 12464.6 616.767 1.28697e-05
301 12469.5 611.8 1.15615e-05
302 12474.4 606.932 1.11493e-05
303 12479.1 602.199 1.97244e-05
304 12483.7 597.608 1.25729e-05
305 12488.2 593.11 8.5542e-06
306 12492.7 588.643 1.05482e-05
307 12497.1 584.26 1.26694e-05
308 12501.4 579.946 1.12187e-05
309 12505.6 575.7 1.32415e-05
310 12509.8 571.517 1.47913e-05
311 12514 567.376 1.47857e-05
312 12518.1 563.28 1.6416e-05
313 12522.2 559.182 1.33668e-05
314 12526.3 555.028 1.11624e-05
315 12530.5 550.844 6.85547e-06
316 12534.6 546.746 4.08292e-06
317 12538.6 542.731 1.67359e-06
318 12542.6 538.757 2.69077e-06
319 12546.5 534.816 4.48455e-06
320 12550.4 530.927 -3.5204e-07
321 12554.3 527.087 8.77003e-06
322 12558.1 523.267 1.18045e-05
323 12561.8 519.521 7.19191e-06
324 12565.5 515.804 4.20521e-06
325 12569.2 512.114 4.50679e-06
326 12572.9 508.487 1.89297e-06
327 12576.5 504.888 5.64265e-07
328 12580 501.323 1.00438e-05
329 12583.6 497.762 1.04579e-05
330 12587.1 494.232 8.99099e-06
331 12590.5 489.98 -0.506887
332 12594.3 487.965 0.506901
333 12597.7 483.663 1.1065e-05
334 12601.1 480.199 7.78306e-06
335 12604.5 476.892 1.29696e-05
336 12607.7 473.629 1.42278e-05
337 12611 470.365 9.17917e-06
338 12614.2 467.147 8.49599e-06
339 12617.4 463.987 9.8031e-06
340 12620.5 460.886 8.28714e-06
341 12623.5 457.855 7.91909e-06
342 12626.5 454.884 3.61074e-06
343 12629.4 451.936 9.59262e-08
344 12632.3 449.034 -3.17441e-06
345 12635.1 446.209 -7.17514e-06
346 12637.9 443.468 -7.56979e-06
347 12640.5 440.833 -4.77547e-06
348 12643.1 438.292 -4.84753e-06
349 12645.5 435.82 -1.54134e-05
350 12648 433.386 -9.76771e-06
351 12650.4 430.946 -5.37699e-06
352 12652.8 428.5 -1.21822e-05
353 12655.2 426.116 -1.04564e-05
354 12657.6 423.776 -1.4592e-05
355 12659.9 421.419 -1.39461e-05
356 12662.3 419.013 -4.80213e-07
357 12664.7 416.61 -3.82029e-06
358 12667.1 414.225 -7.69354e-06
359 12669.5 411.821 -3.40212e-06
360 12672 409.398 -2.58116e-06
361 12674.3 406.489 -0.228535
362 12676.8 405.062 0.228541
363 12679.2 402.112 1.15857e-06
364 12681.7 399.668 1.06357e-06
365 12684.1 397.234 1.78441e-06
366 12686.5 394.445 0.385048
367 12689 392.788 -0.385043
368 12691.4 389.975 3.89339e-06
369 12693.8 387.537 1.06934e-05
370 12696.2 385.145 1.3493e-05
371 12698.6 382.762 9.84315e-06
372 12701 380.369 9.7556e-06
373 12703.3 378.027 9.39029e-06
374 12705.6 375.739 1.49794e-05
375 12707.9 373.49 1.41542e-05
376 12710 371.309 1.28932e-05
377 12712.2 369.162 4.75254e-06
378 12714.3 367.005 1.52068e-05
379 12678 364.494 -8.7766
380 12757.2 362.958 8.77662
381 12720.9 360.473 8.56817e-06
382 12723 358.308 1.57766e-05
383 12725.2 356.147 1.32634e-05
384 12727.3 354.021 1.82464e-05
385 12729.4 351.95 1.98251e-05
386 12724.6 348.481 -3.69336
387 12740.2 349.456 3.6934
388 12735.2 346.129 9.72452e-06
389 12737 344.303 9.05697e-06
390 12738.8 342.515 5.27501e-06
391 12684.2 340.339 -10.6153
392 12798.7 339.455 10.6153
393 12744 337.302 1.91107e-05
394 12745.8 335.576 1.35619e-05
395 12747.5 333.814 1.53603e-05
396 12749.3 332.035 2.15108e-05
397 12751.1 330.277 2.54931e-05
398 12752.8 328.558 2.55005e-05
399 12754.5 326.863 2.28519e-05
400 12756.2 325.164 2.34134e-05
401 12757.9 323.476 1.90437e-05
402 12759.5 321.807 2.65948e-05
403 12761.2 320.139 3.70098e-05
404 12762.9 318.457 3.96054e-05
405 12764.6 316.761 4.40767e-05
406 12766.3 315.073 4.16981e-05
407 12768 313.397 3.36985e-05
408 12769.6 311.719 4.15621e-05
409 12771.3 310.035 3.65828e-05
410 12773 308.362 4.05e-05
411 12774.6 306.717 3.7909e-05
412 12776.3 305.072 3.70918e-05
413 12777.9 303.418 3.91258e-05
414 12779.6 301.768 3.77186e-05
415 12781.3 300.094 3.80469e-05
416 12783 298.392 4.58668e-05
417 12784.7 296.702 4.45e-05
418 12786.3 295.066 4.54725e-05
419 12787.9 293.457 4.91207e-05
420 12789.5 291.855 4.9138e-05
421 12791.1 290.255 4.4988e-05
422 12792.7 288.649 3.79244e-05
423 12794.3 287.056 3.73768e-05
424 12795.9 285.468 4.14615e-05
425 12797.5 283.881 3.64766e-05
426 12799.1 282.292 3.27402e-05
427 12800.7 280.679 3.22284e-05
428 12802.3 279.049 3.34433e-05
429 12803.9 277.418 3.32608e-05
430 12805.6 275.786 3.98491e-05
431 12807.2 274.177 3.96566e-05
432 12808.8 272.581 2.997e-05
433 12810.4 270.961 2.45737e-05
434 12812 269.337 1.60984e-05
435 12813.6 267.744 2.00483e-05
436 12815.2 266.169 1.7059e-05
437 12816.7 264.613 1.36951e-05
438 12818.3 263.091 1.69128e-05
439 12819.8 261.591 1.51084e-05
440 12821.2 260.125 1.5703e-05
441 12822.6 258.708 1.82546e-05
442 12824 257.323 2.32615e-05
443 12825.4 255.965 2.1647e-05
444 12826.7 254.634 2.10104e-05
445 12828 253.32 1.92062e-05
446 12829.3 252.033 1.26637e-05
447 12830.6 250.778 1.77999e-05
448 12831.8 249.535 1.26017e-05
449 12833.1 248.287 6.71204e-06
450 12834.3 247.065 3.01423e-06
451 12835.5 245.877 6.75168e-06
452 12836.6 244.71 1.22152e-05
453 12837.8 243.554 1.12494e-05
454 12838.9 242.434 1.22683e-05
455 12840 241.345 1.10762e-05
456 12841.1 240.243 1.35014e-05
457 12842.2 239.138 1.55536e-05
458 12843.3 238.048 1.86146e-05
459 12844.4 236.969 1.11633e-05
460 12845.5 235.899 1.2568e-05
461 12846.5 234.84 1.32207e-05
462 12847.6 233.791 1.47354e-05
463 12848.6 232.746 1.83051e-05
464 12849.7 231.701 1.35424e-05
465 12850.7 230.661 8.26176e-06
466 12851.7 229.638 1.94646e-07
467 12852.7 228.621 1.94646e-07
468 12853.8 227.598 -6.42613e-06
469 12854.8 226.595 -1.35088e-05
470 12855.8 225.601 -1.24695e-05
471 12856.7 224.606 -1.40006e-05
472 12857.8 223.599 -2.00439e-05
473 12858.8 222.566 -1.82251e-05
474 12859.8 221.525 -1.9432e-05
475 12860.9 220.5 -1.45142e-05
476 12861.9 219.487 -2.03492e-05
477 12862.9 218.468 -1.94036e-05
478 12863.9 217.461 -2.54367e-05
479 12864.9 216.466 -2.44359e-05
480 12865.9 215.469 -2.81453e-05
481 12866.9 214.471 -3.51649e-05
482 12867.9 213.468 -3.33558e-05
483 12868.9 212.464 -3.05003e-05
484 12869.9 211.464 -4.14557e-05
485 12870.9 210.475 -4.12513e-05
486 12871.9 209.49 -3.72957e-05
487 12872.9 208.501 -3.73352e-05
488 12862.9 207.179 -4.68702
489 12885.8 206.871 4.68693
490 12875.8 205.548 -5.35448e-05
491 12876.8 204.575 -5.75371e-05
492 12877.7 203.615 -4.96018e-05
493 12878.7 202.675 -5.17216e-05
494 12879.6 201.769 -5.87174e-05
495 12880.5 200.886 -5.87929e-05
496 12871.6 199.928 4.4226
497 12892 199.192 -4.42272
498 12844.4 197.645 -6.45802
499 12922.7 197.973 6.4579
500 12884.9 196.5 -7.11619e-05
501 12885.7 195.634 -7.13405e-05
502 12886.6 194.787 -6.71793e-05
503 12887.4 193.925 -7.1088e-05
504 12888.3 193.043 -7.49833e-05
505 12889.2 192.165 -7.87508e-05
506 12890 191.308 -8.23608e-05
507 12890.9 190.473 -8.5891e-05
508 12891.7 189.652 -9.4339e-05
509 12892.5 188.836 -9.25695e-05
510 12893.3 188.023 -9.64098e-05
511 12894.1 187.221 -9.49481e-05
512 12894.9 186.425 -0.000105944
513 12895.7 185.656 -0.000109875
514 12896.4 184.914 -0.000109172
515 12897.2 184.153 -0.000111415
516 12898 183.375 -0.000112584
517 12898.8 182.598 -0.000115861
518 12899.5 181.814 -0.000122755
519 12900.3 181.022 -0.000128567
520 12901.1 180.227 -0.000132394
521 12901.9 179.444 -0.000131353
522 12902.7 178.663 -0.000131779
523 12903.5 177.893 -0.000139542
524 12904.2 177.14 -0.000141227
525 12905 176.379 -0.000139867
526 12905.7 175.611 -0.000135925
527 12906.5 174.84 -0.00014762
528 12907.3 174.067 -0.00015042
529 12869.6 173.081 -8.7739
530 12947.3 172.736 8.77359
531 12909.6 171.746 -0.000162011
532 12910.4 170.982 -0.000161329
533 12911.1 170.229 -0.000162832
534 12911.9 169.484 -0.000168521
535 12912.6 168.759 -0.000170306
536 12913.3 168.039 -0.000176525
537 12914 167.314 -0.000176884
538 12914.8 166.571 -0.000177534
539 12915.5 165.806 -0.000174276
540 12916.3 165.037 -0.000186014
541 12917.1 164.277 -0.000187661
542 12917.8 163.514 -0.000184601
543 12918.6 162.758 -0.00018222
544 12919.3 162.018 -0.000187715
545 12920.1 161.28 -0.000188431
546 12920.8 160.562 -0.000187393
547 12921.5 159.859 -0.000182817
548 12922.2 159.149 -0.000175376
549 12922.9 158.443 -0.000173165
550 12923.6 157.751 -0.000172874
551 12915 157.04 4.30116
552 12934.2 156.41 -4.30149
553 12925.6 155.718 -0.000176122
554 12926.3 155.07 -0.000175627
555 12926.9 154.435 -0.000175453
556 12927.5 153.807 -0.000170894
557 12928.2 153.191 -0.000168534
558 12928.8 152.582 -0.000164415
559 12929.4 151.972 -0.000165164
560 12930 151.366 -0.000165822
561 12930.6 150.763 -0.000159723
562 12931.2 150.172 -0.00016144
563 12931.8 149.587 -0.000157115
564 12932.4 149.004 -0.000157464
565 12932.9 148.438 -0.000154652
566 12933.5 147.869 -0.000151118
567 12934.1 147.28 -0.000155796
568 12934.7 146.688 -0.000152312
569 12935.3 146.101 -0.00015209
570 12935.8 145.507 -0.000146081
571 12936.4 144.908 -0.000151963
572 12937 144.318 -0.000149972
573 12937.6 143.747 -0.00015266
574 12938.2 143.187 -0.000154146
575 12938.7 142.625 -0.000157247
576 12939.3 142.055 -0.00016133
577 12939.9 141.473 -0.000159363
578 12940.5 140.89 -0.000162384
579 12941 140.312 -0.000160913
580 12941.6 139.73 -0.000164137
581 12942.2 139.131 -0.000167061
582 12942.8 138.535 -0.000170089
583 12943.4 137.95 -0.000170061
584 12944 137.362 -0.000178401
585 12944.6 136.786 -0.000172652
586 12945.1 136.229 -0.000176447
587 12945.7 135.686 -0.000177859
588 12946.2 135.15 -0.000181489
589 12946.7 134.613 -0.000183582
590 12947.3 134.083 -0.000179099
591 12947.8 133.554 -0.000184501
592 12948.3 133.019 -0.000186791
593 12948.9 132.492 -0.000190413
594 12949.4 131.983 -0.000191471
595 12949.9 131.486 -0.000197337
596 12950.4 130.989 -0.000194394
597 12950.9 130.496 -0.000193778
598 12951.3 130.011 -0.000190395
599 12951.8 129.522 -0.000188603
600 12952.3 129.024 -0.000195112
601 12952.8 128.52 -0.000198075
602 12953.3 128.02 -0.000191289
603 12953.8 127.522 -0.000191505
604 12954.3 127.03 -0.00018713
605 12954.8 126.55 -0.000181475
606 12955.3 126.079 -0.000179851
607 12955.7 125.608 -0.000184243
608 12956.2 125.129 -0.000183548
609 12956.7 124.64 -0.000185852
610 12957.2 124.137 -0.000187623
611 12957.7 123.618 -0.000181168
612 12958.3 123.088 -0.000178841
613 12958.8 122.554 -0.000185159
614 12959.3 122.017 -0.000179653
615 12959.9 121.473 -0.000180076
616 12960.4 120.921 -0.000177859
617 12961 120.366 -0.000173701
618 12961.5 119.808 -0.000175981
619 12962.1 119.243 -0.000177454
620 12962.7 118.683 -0.000181453
621 12963.2 118.129 -0.000182908
622 12963.8 117.574 -0.000182658
623 12964.3 117.019 -0.000182157
624 12964.9 116.472 -0.000179036
625 12965.4 115.932 -0.000185484
626 12966 115.398 -0.000189371
627 12966.5 114.873 -0.000183883
628 12967 114.355 -0.000179821
629 12967.5 113.843 -0.000186643
630 12968 113.329 -0.000180602
631 12968.5 112.822 -0.00017507
632 12969 112.323 -0.000173827
633 12969.5 111.825 -0.000169566
634 12970 111.322 -0.000170657
635 12970.5 110.82 -0.000180085
636 12971 110.318 -0.000179775
637 12971.5 109.821 -0.000183396
638 12972 109.334 -0.000172458
639 12972.5 108.851 -0.000175249
640 12973 108.374 -0.000175807
641 12973.4 107.913 -0.00018649
642 12973.9 107.471 -0.000190083
643 12974.3 107.042 -0.000187878
644 12974.7 106.618 -0.000189354
645 12975.2 106.199 -0.000189543
646 12975.6 105.784 -0.000189683
647 12976 105.366 -0.000194984
648 12976.4 104.95 -0.000199892
649 12976.8 104.54 -0.000196802
650 12977.2 104.143 -0.000193172
651 12977.6 103.757 -0.000192963
652 12978 103.383 -0.000198241
653 12978.3 102.831 -0.0103337
654 12978.7 102.861 0.00993889
655 12979 102.307 -0.000198504
656 12979.4 101.956 -0.00020131
657 12979.7 101.612 -0.000201065
658 12980.1 101.272 -0.000204322
659 12980.4 100.934 -0.000213441
660 12980.8 100.596 -0.000222347
661 12981.1 100.261 -0.000230631
662 12981.4 99.9256 -0.000236206
663 12981.8 99.5942 -0.000240075
664 12982.1 99.2673 -0.000239155
665 12982.4 98.9418 -0.000247278
666 12982.7 98.6195 -0.000250522
667 12983 98.307 -0.000249388
668 12976 97.9186 -3.82782
669 12991 97.7762 3.82733
670 12984 97.3702 -0.000250127
671 12984.3 97.0442 -0.000250526
672 12984.6 96.7132 -0.000248696
673 12985 96.375 -0.000252687
674 12985.3 96.0349 -0.000258811
675 12985.7 95.6887 -0.000259202
676 12986 95.3382 -0.000264236
677 12986.4 94.9931 -0.000274475
678 12986.7 94.6565 -0.000279721
679 12987 94.3233 -0.000278983
680 12987.4 93.9813 -0.000275088
681 12987.7 93.6331 -0.000279399
682 12988.1 93.2846 -0.000285788
683 12988.4 92.937 -0.000286224
684 12988.8 92.5873 -0.000282739
685 12989 92.109 0.455235
686 12989.6 91.9946 -0.455812
687 12989.8 91.5118 -0.000291995
688 12990.2 91.1477 -0.000291104
689 12990.6 90.7842 -0.000293167
690 12990.9 90.4202 -0.000293174
691 12991.3 90.0566 -0.000293045
692 12991.7 89.6908 -0.000291145
693 12992 89.325 -0.000294586
694 12992.4 88.9635 -0.000298266
695 12992.8 88.6071 -0.000301043
696 12993.1 88.2573 -0.000294351
697 12993.4 87.9083 -0.000287832
698 12993.8 87.5587 -0.000291776
699 12994.1 87.2114 -0.000281539
700 12994.5 86.8718 -0.000280398
701 12994.8 86.5391 -0.000280212
702 12995.1 86.2143 -0.000276501
703 12995.5 85.898 -0.000276761
704 12995.8 85.5893 -0.000282202
705 12996.1 85.2871 -0.000281374
706 12975 84.897 -6.53994
707 13018 84.791 6.53937
708 12997 84.4039 -0.000289849
709 12997.2 84.1179 -0.000288306
710 12997.5 83.844 -0.000286222
711 12997.8 83.5717 -0.000295281
712 12998.1 83.2977 -0.000291345
713 12998.3 83.0284 -0.00028695
714 12998.6 82.7592 -0.000287368
715 12998.9 82.4896 -0.000290796
716 12999.1 82.2201 -0.00029552
717 12999.4 81.9486 -0.000296817
718 12999.7 81.6752 -0.000301831
719 13000 81.4041 -0.000304491
720 13000.2 81.1347 -0.000306306
721 13000.5 80.865 -0.000305847
722 13000.8 80.6056 -0.000305988
723 13001 80.3559 -0.000308966
724 13001.2 80.1172 -0.000311465
725 13001.5 79.8895 -0.000309057
726 13001.7 79.6616 -0.000311659
727 13000.4 79.348 -1.74879
728 13003.7 79.2815 1.74816
729 13002.4 78.969 -0.000316415
730 13002.6 78.7407 -0.000323162
731 13002.8 78.5185 -0.000325539
732 13003.1 78.302 -0.000320311
733 13003.3 78.0879 -0.000322723
734 13003.5 77.8725 -0.000319743
735 13003.7 77.6551 -0.000323605
736 13003.9 77.436 -0.000327564
737 13004.1 77.2149 -0.000330231
738 13004.4 76.9974 -0.000335605
739 13004.6 76.7844 -0.000335494
740 13004.8 76.5723 -0.000334643
741 13005 76.3561 -0.000339472
742 13005.2 76.1363 -0.000347206
743 13005.4 75.9176 -0.000344035
744 13005.7 75.7024 -0.000349325
745 13005.9 75.4846 -0.000348019
746 13006.1 75.2666 -0.000346515
747 13006.3 75.0527 -0.000348663
748 13006.3 74.7516 0.619753
749 13006.9 74.71 -0.620452
750 13006.9 74.4113 -0.000353585
751 13007.2 74.2038 -0.00036027
752 13007.4 74.0031 -0.000362425
753 13007.6 73.8041 -0.000363206
754 13007.8 73.6039 -0.000363042
755 13008 73.4014 -0.000368454
756 13008.2 73.1956 -0.000368607
757 13008.4 72.9911 -0.000364877
758 13008.6 72.7902 -0.000362741
759 13008.8 72.5906 -0.000361039
760 13009 72.3923 -0.00036232
761 13009.2 72.1939 -0.000366799
762 13009.4 71.9934 -0.000361092
763 13009.6 71.7909 -0.000362318
764 13009.8 71.5871 -0.00035902
765 13010 71.3809 -0.000356136
766 13010.2 71.1714 -0.000356402
767 13010.4 70.9607 -0.00036565
768 13010.6 70.7544 -0.000370683
769 13010.8 70.5548 -0.00036598
770 13011 70.3588 -0.000366989
771 13011.2 70.1678 -0.000361334
772 13011.4 69.9835 -0.000366329
773 13011.6 69.8048 -0.000359611
774 13010.9 69.5931 -1.28614
775 13012.7 69.474 1.2854
776 13012.1 69.2536 -0.000373709
777 13012.3 69.0659 -0.000377343
778 13012.5 68.8784 -0.0003824
779 13012.7 68.6915 -0.00037819
780 13012.9 68.5022 -0.000375899
781 13013 68.3084 -0.000379494
782 13013.2 68.1119 -0.000377312
783 13013.4 67.9138 -0.000384197
784 13013.6 67.712 -0.000382889
785 13013.8 67.5099 -0.000391831
786 13014 67.3117 -0.000388551
787 13014.2 67.116 -0.000386599
788 13014.4 66.9253 -0.000387165
789 13014.6 66.7356 -0.000391275
790 13014.8 66.5424 -0.000389649
791 13015 66.3463 -0.000388025
792 13015.2 66.1478 -0.000383348
793 13015.4 65.95 -0.000379784
794 13015.6 65.7518 -0.000380138
795 13015.8 65.5524 -0.000378114
796 13016 65.3503 -0.000380602
797 13016.2 65.1463 -0.000390508
798 13016.4 64.9428 -0.000396371
799 13016.6 64.7408 -0.000392093
800 13016.8 64.5387 -0.000391342
801 13017 64.3352 -0.00039162
802 13017.2 64.134 -0.00039021
803 13017.4 63.9333 -0.000389836
804 13017.6 63.7329 -0.000380017
805 13017.8 63.5353 -0.000375417
806 13018 63.3383 -0.000375969
807 13018.2 63.1408 -0.000379665
808 13018.4 62.9415 -0.000372353
809 13018.6 62.7422 -0.000377544
810 13018.8 62.5418 -0.000379053
811 13019 62.34 -0.000379137
812 13019.2 62.1394 -0.000384103
813 13019.4 61.941 -0.000390821
814 13019.6 61.7469 -0.000389151
815 13019.8 61.556 -0.000387703
816 13020 61.3655 -0.000396759
817 13020.2 61.1736 -0.000391696
818 13020.4 60.9795 -0.000396315
819 13020.6 60.7859 -0.000393055
820 13020.8 60.5948 -0.000401548
821 13021 60.4047 -0.000404547
822 13021.1 60.2183 -0.000402375
823 13021.3 60.0349 -0.000401473
824 13021.5 59.8505 -0.000400083
825 13021.7 59.6673 -0.00040541
826 13021.9 59.4857 -0.000408912
827 13022.1 59.3029 -0.000413037
828 13022.2 59.1198 -0.000416865
829 13022.4 58.9393 -0.000423005
830 13022.6 58.7694 -0.000424975
831 13022.7 58.6101 -0.000428821
832 13022.9 58.4512 -0.000438015
833 13023.1 58.2918 -0.000434618
834 13023.2 58.1341 -0.000436682
835 13023.4 57.9748 -0.000435878
836 13023.5 57.8128 -0.00043509
837 13023.7 57.6526 -0.00043796
838 13023.9 57.4968 -0.000437104
839 13024 57.3415 -0.00043019
840 13024.2 57.1858 -0.00042526
841 13024.3 57.0293 -0.000426274
842 13024.5 56.871 -0.000417205
843 13024.6 56.7112 -0.00042187
844 13024.8 56.5503 -0.00041978
845 13025 56.3881 -0.000422974
846 13025.1 56.228 -0.000427521
847 13025.3 56.0766 -0.000429999
848 13025.4 55.9297 -0.000428489
849 13025.6 55.6574 -0.072135
850 13025.7 55.7514 0.0712761
851 13025.9 55.4739 -0.000431871
852 13026 55.316 -0.000431808
853 13026.2 55.1568 -0.000432855
854 13026.4 54.9987 -0.000425291
855 13026.5 54.8419 -0.00043197
856 13026.7 54.6849 -0.000425251
857 13026.8 54.5254 -0.000413593
858 13027 54.3629 -0.000413518
859 13027.2 54.199 -0.000416703
860 13027.3 54.0369 -0.00041081
861 13027.5 53.8771 -0.000407321
862 13027.6 53.7168 -0.000407398
863 13027.8 53.5558 -0.000409279
864 13028 53.3983 -0.000411481
865 13028.1 53.2442 -0.00040396
866 12980.6 52.8805 -9.42667
867 13076.1 53.1582 9.42586
868 13028.6 52.8027 -0.000403847
869 13028.7 52.663 -0.000404531
870 13028.8 52.5269 -0.000408011
871 13029 52.3919 -0.000404909
872 13029.1 52.256 -0.000403599
873 13029.2 52.121 -0.00040945
874 13029.4 51.9835 -0.000409055
875 13029.5 51.845 -0.000416699
876 13029.6 51.7087 -0.000418912
877 13029.8 51.5753 -0.000418328
878 13029.9 51.4448 -0.000419112
879 12995.5 51.2862 -8.31108
880 13064.7 51.2182 8.31026
881 13030.3 51.0596 -0.000406773
882 13030.4 50.9325 -0.000404152
883 13030.6 50.8047 -0.000407068
884 13030.7 50.6778 -0.000410136
885 13030.8 50.5513 -0.000407776
886 13030.9 50.4264 -0.000401432
887 13031.1 50.306 -0.000395006
888 13031.2 50.1876 -0.00038691
889 13031.3 50.0697 -0.000390843
890 13031.4 49.9529 -0.000389105
891 13031.5 49.8388 -0.000393309
892 13031.6 49.7269 -0.000395615
893 13031.7 49.6171 -0.000397504
894 13031.8 49.5093 -0.000397154
895 13032 49.4024 -0.000402971
896 13032.1 49.296 -0.000409642
897 13032.2 49.1903 -0.000405855
898 13032.3 49.0838 -0.000405394
899 13032.4 48.9751 -0.000396819
900 13032.5 48.8658 -0.000395319
901 13032.6 48.7574 -0.000397401
902 13032.7 48.6477 -0.000400871
903 13032.8 48.5359 -0.000398553
904 13032.9 48.4222 -0.000401412
905 13033.1 48.3075 -0.00039813
906 13033.2 48.1923 -0.000392655
907 13033.3 48.0764 -0.000394196
908 13033.4 47.9609 -0.00039452
909 13033.5 47.846 -0.000392596
910 13033.6 47.7336 -0.000393686
911 13033.7 47.6229 -0.000387014
912 13033.8 47.5131 -0.000379916
913 13034 47.4032 -0.000381217
914 13034.1 47.2934 -0.000384471
915 13034.2 47.1858 -0.000388555
916 13034.3 47.0791 -0.000388888
917 13034.4 46.9728 -0.00038389
918 13034.5 46.866 -0.000385044
919 13034.6 46.7581 -0.000382124
920 13034.7 46.6509 -0.00037116
921 13034.8 46.5447 -0.000362709
922 13034.9 46.4368 -0.00035562
923 13035 46.3274 -0.000347702
924 13035.1 46.2178 -0.000350812
925 13035.3 46.1073 -0.000348651
926 13035.4 45.9958 -0.000339742
927 13035.5 45.8842 -0.000335639
928 13035.6 45.7727 -0.000340544
929 13035.7 45.6597 -0.000345756
930 13035.8 45.5482 -0.000345537
931 13035.9 45.4393 -0.000345513
932 13036 45.3305 -0.000342047
933 13036.1 45.2218 -0.00033972
934 13036.2 45.1131 -0.000334059
935 13036.4 45.0052 -0.00033314
936 13036.5 44.8976 -0.000338092
937 13036.6 44.7909 -0.000336064
938 13036.7 44.6848 -0.000334824
939 13036.8 44.5787 -0.000335021
940 13036.9 44.4732 -0.000335787
941 13037 44.3695 -0.000331782
942 13037.1 44.2682 -0.00034102
943 13037.2 44.1673 -0.000343168
944 13037.3 44.0669 -0.000340846
945 13037.4 43.9654 -0.00034717
946 13037.5 43.8618 -0.000351013
947 13037.6 43.7587 -0.000345319
948 13037.7 43.6561 -0.000342985
949 13037.8 43.5556 -0.000342577
950 13037.9 43.4581 -0.000342373
951 13038 43.3632 -0.000346664
952 13038.1 43.2716 -0.000343636
953 13038.2 43.1807 -0.000339056
954 13038.3 43.0883 -0.000337075
955 13038.4 42.9951 -0.00033327
956 13038.5 42.9021 -0.000332454
957 13038.5 42.8096 -0.000332254
958 13038.6 42.7162 -0.00033372
959 13038.7 42.6226 -0.000331276
960 13038.8 42.5301 -0.000329563
961 13038.9 42.4379 -0.00033869
962 13039 42.3465 -0.000329423
963 13039.1 42.2548 -0.000327828
964 13039.2 42.1621 -0.000322811
965 13038.2 42.0477 -1.4976
966 13040.5 41.9942 1.49695
967 13039.5 41.8753 -0.000325931
968 13039.6 41.7767 -0.0003244
969 13039.7 41.6788 -0.000325932
970 13038.6 41.5406 -1.54089
971 13041.1 41.5253 1.54025
972 13040 41.3907 -0.000313769
973 13031.9 41.2811 4.04004
974 13048.3 41.2141 -4.04066
975 13040.3 41.1027 -0.000307524
976 13040.4 41.0054 -0.000311705
977 13040.5 40.9081 -0.000311343
978 13040.5 40.8105 -0.000309781
979 13040.6 40.7113 -0.000313821
980 13040.7 40.611 -0.000311033
981 13040.8 40.5091 -0.000305433
982 13041 40.4063 -0.000298725
983 13041.1 40.3055 -0.000300086
984 13041.2 40.2074 -0.000305994
985 13041.2 40.112 -0.000305062
986 13041.3 40.0186 -0.00030299
987 13041.4 39.9264 -0.000301809
988 13041.5 39.8338 -0.000308317
989 13041.6 39.7395 -0.000307226
990 13041.7 39.6447 -0.00030579
991 13041.8 39.5501 -0.000302707
992 13041.9 39.456 -0.000304264
993 13042 39.3641 -0.000307178
994 13042.1 39.2762 -0.000312119
995 13042.2 39.19 -0.000318659
996 13042.3 39.1042 -0.000311342
997 13042.3 39.0198 -0.000310285
998 13042.4 38.9368 -0.000306632
999 13042.5 38.8556 -0.000302272
