0 1.34657 13246.5 1.17199e-08 
1 4.6634 13243.2 2.09693e-08 
2 9.65599 13238.2 1.16423e-07 
3 16.3951 13231.5 5.72684e-08 
4 24.9387 13223 1.75676e-08 
5 35.3312 13212.5 1.7004e-07 
6 47.0436 13200.9 3.51955e-07 
7 59.4716 13188.4 4.64558e-07 
8 72.4293 13175.5 -1.41399e-07 
9 85.853 13162.1 -9.98169e-09 
10 99.232 13148.7 -5.39413e-07 
11 111.65 13136.3 -3.13435e-07 
12 123.577 13124.4 -3.54804e-07 
13 135.372 13112.6 -1.05375e-06 
14 146.68 13101.3 -4.30602e-07 
15 157.801 13090.2 -5.83134e-07 
16 168.298 13079.7 -1.11968e-06 
17 178.231 13069.7 -3.42672e-07 
18 188.585 13059.4 -1.04644e-06 
19 198.845 13049.1 -3.06954e-07 
20 208.908 13039 -6.41904e-07 
21 219.116 13028.8 -5.76573e-07 
22 229.222 13018.7 -7.22903e-07 
23 239.204 13008.6 -5.94828e-08 
24 249.89 12998 7.66113e-07 
25 261.946 12985.9 1.43784e-06 
26 275.305 12972.5 1.32372e-06 
27 289.826 12958 2.73775e-06 
28 304.224 12943.7 1.48381e-06 
29 318.924 12929 1.65439e-06 
30 333.871 12914 1.15505e-06 
31 348.974 12898.9 -1.49808e-07 
32 364.284 12883.6 3.13176e-07 
33 378.3 12869.6 -6.08202e-07 
34 389.431 12858.5 -1.1809e-07 
35 399.358 12848.5 -1.04035e-06 
36 410.475 12837.4 -2.01803e-06 
37 420.588 12827.2 -3.3298e-06 
38 429.097 12818.7 -4.21115e-06 
39 437.492 12810.3 -6.43688e-06 
40 446.965 12800.8 -6.59023e-06 
41 458.385 12789.3 -7.48304e-06 
42 472.024 12775.7 -8.00815e-06 
43 487.901 12759.8 -8.71263e-06 
44 505.38 12742.3 -9.57889e-06 
45 523.821 12723.8 -9.36573e-06 
46 544.61 12703.1 -1.00456e-05 
47 569.154 12678.4 -1.13054e-05 
48 596.921 12650.7 -1.05585e-05 
49 626.755 12620.8 -9.47682e-06 
50 654.459 12593 -8.75286e-06 
51 680.117 12567.3 -9.44364e-06 
52 707.756 12539.7 -8.79801e-06 
53 735.941 12511.5 -9.35232e-06 
54 765.445 12482 -1.10187e-05 
55 795.682 12451.7 -1.03996e-05 
56 824.31 12423 -1.24194e-05 
57 853.771 12393.4 -1.25676e-05 
58 885.189 12361.9 -1.4679e-05 
59 916.955 12330.1 -1.46878e-05 
60 947.993 12298.9 -1.44769e-05 
61 977.646 12269.2 -1.33197e-05 
62 1007.53 12239.3 -1.39705e-05 
63 1039.37 12207.4 -1.23153e-05 
64 1073.37 12173.3 -1.22226e-05 
65 1110.58 12136 -1.14437e-05 
66 1151.54 12095 -1.09101e-05 
67 1191.84 12054.6 -1.14096e-05 
68 1229.37 12017 -1.14926e-05 
69 1264.79 11981.5 -1.07603e-05 
70 1300.89 11945.4 -1.31212e-05 
71 1336.8 11909.4 -1.32467e-05 
72 1368.89 11877.2 -1.40475e-05 
73 1399.72 11846.3 -1.42496e-05 
74 1428.01 11818 -1.25724e-05 
75 1453.93 11791.9 -1.11163e-05 
76 1478.47 11767.3 -9.79573e-06 
77 1500.08 11745.8 -8.66703e-06 
78 1518.63 11727.3 -7.75809e-06 
79 1534.5 11711.4 -9.22978e-06 
80 1549.18 11696.7 -8.12525e-06 
81 1562.29 11683.6 -8.71403e-06 
82 1573.81 11672.1 -8.09443e-06 
83 1584.76 11661.1 -6.76062e-06 
84 1591.68 11654.2 -7.14634e-06 
85 1591.71 11654.2 -8.4758e-06 
86 1591.36 11654.6 -7.61853e-06 
87 1591.2 11654.8 -8.48458e-06 
88 1589.56 11656.4 -6.83241e-06 
89 1588.22 11657.8 -6.75372e-06 
90 1588.73 11657.2 -7.90983e-06 
91 1596.58 11649.3 -8.08679e-06 
92 1609.62 11636.3 -7.50078e-06 
93 1622.99 11622.9 -6.66254e-06 
94 1635.15 11610.7 -6.17406e-06 
95 1648.2 11597.6 -5.67218e-06 
96 1663.21 11582.7 -4.71718e-06 
97 1679.2 11566.7 -5.50551e-06 
98 1698.45 11547.4 -4.09217e-06 
99 1720.2 11525.7 -5.64673e-06 
100 1745.21 11500.6 -4.9537e-06 
101 1771.82 11474 -5.69131e-06 
102 1800.74 11445 -4.89753e-06 
103 1836.32 11409.4 -4.04147e-06 
104 1876.78 11368.8 -2.44239e-06 
105 1921.81 11323.7 -3.47791e-07 
106 1970.57 11274.8 2.07173e-06 
107 2022.95 11222.4 3.49106e-06 
108 2079.21 11166 2.0953e-06 
109 2134.35 11110.7 3.40538e-06 
110 2188.56 11056.4 5.24078e-06 
111 2243.43 11001.4 5.94206e-06 
112 2292.81 10952 4.97221e-06 
113 2333.74 10910.9 7.95774e-06 
114 2362.89 10881.8 8.97376e-06 
115 2378.6 10866.1 9.85374e-06 
116 2387.74 10856.9 1.14858e-05 
117 2397.55 10847.1 1.37874e-05 
118 2406.06 10838.5 1.60851e-05 
119 2413.17 10831.4 1.79526e-05 
120 2421.44 10823.2 1.70313e-05 
121 2431.39 10813.2 1.65234e-05 
122 2444.47 10800.1 1.95527e-05 
123 2462.2 10782.3 1.99435e-05 
124 2482.58 10761.9 2.12286e-05 
125 2502.62 10741.9 1.88098e-05 
126 2527.41 10717 1.77503e-05 
127 2556.23 10688.1 1.77482e-05 
128 2586.96 10657.3 1.9726e-05 
129 2620.25 10623.8 2.29955e-05 
130 2653.14 10590.9 2.26849e-05 
131 2684.44 10559.6 2.08567e-05 
132 2715.22 10528.8 2.56996e-05 
133 2748.78 10495.2 2.32899e-05 
134 2778.59 10465.4 2.56824e-05 
135 2802.49 10441.5 2.74992e-05 
136 2823.55 10420.4 2.57558e-05 
137 2841.84 10402 2.64477e-05 
138 2854.34 10389.5 2.91239e-05 
139 2854.62 10389.3 3.23055e-05 
140 2839.28 10404.7 3.18314e-05 
141 2809.19 10434.9 3.18349e-05 
142 2772.66 10471.6 2.95534e-05 
143 2737.87 10506.4 3.06838e-05 
144 2707.85 10536.5 3.07886e-05 
145 2685.66 10558.8 2.94158e-05 
146 2668.48 10576 3.23084e-05 
147 2652.62 10591.9 3.58233e-05 
148 2640.65 10604.1 3.54548e-05 
149 2631.13 10613.7 3.59288e-05 
150 2627.14 10617.6 3.69374e-05 
151 2631.28 10613.5 3.50329e-05 
152 2642.64 10602.2 3.52404e-05 
153 2664.69 10580.1 3.64608e-05 
154 2698.97 10545.9 3.64822e-05 
155 2740.88 10504.1 3.53338e-05 
156 2784.01 10460.9 3.78834e-05 
157 2826.49 10418.4 3.83183e-05 
158 2864.92 10379.8 4.04832e-05 
159 2895.7 10349 4.41608e-05 
160 2922.2 10322.4 4.26455e-05 
161 2951.42 10293.1 4.58993e-05 
162 2984.11 10260.5 4.59617e-05 
163 3021.03 10223.5 4.63593e-05 
164 3063.2 10181.2 4.62288e-05 
165 3104.1 10140.1 4.62681e-05 
166 3140.98 10103.3 4.83429e-05 
167 3168.14 10076.2 4.69494e-05 
168 3189.01 10055.2 4.50552e-05 
169 3207.45 10036.7 4.6853e-05 
170 3216.22 10028 4.63477e-05 
171 3217.75 10026.3 4.9941e-05 
172 3213.23 10030.8 5.32432e-05 
173 3206.52 10037.5 5.5036e-05 
174 3200.21 10043.7 4.98372e-05 
175 3194.77 10049.2 4.8314e-05 
176 3189.5 10054.6 4.51473e-05 
177 3184.17 10060 4.51845e-05 
178 3180.32 10064 4.27379e-05 
179 3179.01 10065.3 4.35935e-05 
180 3178.05 10066.4 4.46863e-05 
181 3177.74 10066.7 4.86397e-05 
182 3183.63 10060.8 4.86676e-05 
183 3196.34 10048.1 4.70406e-05 
184 3214.19 10030.3 4.79704e-05 
185 3231.44 10013 4.59299e-05 
186 3247.24 9997.16 4.62143e-05 
187 3262.63 9981.85 4.68735e-05 
188 3273.7 9970.84 4.8033e-05 
189 3282.81 9961.88 4.81177e-05 
190 3293.36 9951.32 5.13177e-05 
191 3301.93 9942.9 5.03091e-05 
192 3309.06 9935.62 5.19697e-05 
193 3316.13 9928.55 5.0755e-05 
194 3322.61 9921.92 4.78276e-05 
195 3334.19 9910.25 5.0738e-05 
196 3352.57 9891.83 5.01045e-05 
197 3373.83 9870.53 4.62843e-05 
198 3396.99 9847.32 4.37689e-05 
199 3421.06 9823.32 4.58667e-05 
200 3445.92 9798.36 4.86356e-05 
201 3469.84 9774.54 4.66434e-05 
202 3487.6 9756.89 4.45461e-05 
203 3503.06 9741.37 4.62654e-05 
204 3514.5 9729.87 4.75647e-05 
205 3523.61 9720.78 4.8588e-05 
206 3539.33 9705.01 5.07827e-05 
207 3558.55 9685.68 4.85897e-05 
208 3576.4 9667.66 4.9918e-05 
209 3589.16 9655.11 4.88949e-05 
210 3597.82 9646.5 4.46194e-05 
211 3605.99 9638.23 4.50078e-05 
212 3616.34 9627.8 4.62984e-05 
213 3634.37 9609.75 5.08528e-05 
214 3659.15 9584.98 4.77151e-05 
215 3684.42 9559.92 5.13289e-05 
216 3707.65 9536.77 4.64502e-05 
217 3729.51 9514.98 4.83464e-05 
218 3746.8 9497.64 4.72981e-05 
219 3764.34 9480.1 4.62122e-05 
220 3781.43 9462.85 4.69448e-05 
221 3793.41 9450.83 4.49389e-05 
222 3797.91 9446.54 4.14373e-05 
223 3797.37 9446.9 4.08722e-05 
224 3797.25 9447 4.13426e-05 
225 3796.13 9448.21 3.98678e-05 
226 3794.06 9450.14 3.93993e-05 
227 3797.59 9446.56 3.91025e-05 
228 3808.32 9435.92 3.69321e-05 
229 3821.86 9422.36 3.48852e-05 
230 3837.47 9406.77 3.05171e-05 
231 3855.7 9388.6 2.90815e-05 
232 3876.63 9367.58 3.07744e-05 
233 3895.69 9348.49 3.12201e-05 
234 3910.83 9333.37 2.96516e-05 
235 3925.07 9319.1 2.82475e-05 
236 3935.37 9308.7 2.70561e-05 
237 3943.45 9300.59 2.93055e-05 
238 3956 9288.03 3.30701e-05 
239 3966.45 9277.73 2.9769e-05 
240 3973 9271.27 2.86342e-05 
241 3981.05 9263.18 2.80053e-05 
242 3992.15 9251.95 2.70431e-05 
243 4005.67 9238.39 2.20184e-05 
244 4023.61 9220.47 2.1778e-05 
245 4045.48 9198.81 2.083e-05 
246 4066.85 9177.5 2.01203e-05 
247 4088.6 9155.69 2.28378e-05 
248 4108.16 9136.26 2.30577e-05 
249 4125.66 9118.86 2.69135e-05 
250 4148.83 9095.64 2.51363e-05 
251 4178.77 9065.55 2.46044e-05 
252 4204.74 9039.52 2.35839e-05 
253 4220.34 9023.82 2.54449e-05 
254 4234.55 9009.58 2.34456e-05 
255 4252.03 8992.1 2.27485e-05 
256 4271.21 8972.98 2.37096e-05 
257 4289.41 8954.79 2.44424e-05 
258 4306.79 8937.39 2.47029e-05 
259 4326.72 8917.49 2.32777e-05 
260 4345.5 8898.86 2.31999e-05 
261 4354.82 8889.72 2.42312e-05 
262 4358.15 8886.49 2.53362e-05 
263 4358.65 8886.11 2.31927e-05 
264 4346.9 8897.81 2.32991e-05 
265 4332.02 8912.7 2.34103e-05 
266 4323.98 8920.66 2.58053e-05 
267 4321.61 8922.89 2.36991e-05 
268 4322.89 8921.58 2.41669e-05 
269 4328.35 8916.18 2.42649e-05 
270 4340.89 8903.69 2.84384e-05 
271 4355.85 8888.67 2.59266e-05 
272 4376.74 8867.7 2.48216e-05 
273 4404.47 8839.97 2.21356e-05 
274 4429.97 8814.62 2.3938e-05 
275 4448.81 8795.88 2.30949e-05 
276 4471.23 8773.39 2.30962e-05 
277 4498.05 8746.72 2.07333e-05 
278 4520.35 8724.43 2.04463e-05 
279 4540.07 8704.63 2.20891e-05 
280 4561.17 8683.59 2.6038e-05 
281 4579.9 8664.93 2.52686e-05 
282 4592.23 8652.57 2.71625e-05 
283 4605.06 8639.8 3.0848e-05 
284 4613.5 8631.58 3.25053e-05 
285 4611.37 8633.63 3.16389e-05 
286 4604.97 8639.88 3.18548e-05 
287 4603.34 8641.56 3.33785e-05 
288 4607.22 8637.73 3.70222e-05 
289 4615.41 8629.46 3.67292e-05 
290 4626.95 8617.96 3.62978e-05 
291 4638.07 8606.99 3.28575e-05 
292 4645.22 8599.71 3.35815e-05 
293 4652.02 8592.96 3.23569e-05 
294 4660.63 8584.54 3.40459e-05 
295 4668.94 8576.24 3.11376e-05 
296 4680.05 8565.16 3.07031e-05 
297 4692.85 8552.41 2.92755e-05 
298 4703.86 8541.52 2.94908e-05 
299 4711.15 8534.17 2.48489e-05 
300 4714.54 8530.81 2.67597e-05 
301 4716.52 8528.71 2.81677e-05 
302 4724.14 8520.89 2.25096e-05 
303 4738.36 8506.54 2.27828e-05 
304 4758.97 8485.96 2.35338e-05 
305 4786.5 8458.26 2.36208e-05 
306 4816.32 8428.41 2.24533e-05 
307 4848.14 8396.77 2.59622e-05 
308 4882.5 8362.33 2.56615e-05 
309 4918.86 8325.98 2.42263e-05 
310 4952.51 8292.56 2.25399e-05 
311 4971.85 8273.29 2.18907e-05 
312 4983.35 8261.8 1.97403e-05 
313 4996.13 8249 2.10237e-05 
314 5008.05 8236.97 1.93894e-05 
315 5018.05 8226.97 1.82469e-05 
316 5020.58 8224.53 1.682e-05 
317 5020.01 8224.96 1.84309e-05 
318 5023.74 8221.13 2.0315e-05 
319 5027.07 8217.79 1.47223e-05 
320 5030.27 8214.52 1.37682e-05 
321 5035.16 8209.44 1.7311e-05 
322 5044.64 8199.86 1.48951e-05 
323 5062.19 8182.49 1.77544e-05 
324 5087.7 8156.99 1.22292e-05 
325 5114.97 8130.13 1.24329e-05 
326 5138.45 8106.73 9.357e-06 
327 5163.4 8081.96 1.58716e-05 
328 5184.38 8061.2 1.40052e-05 
329 5196.15 8049.47 1.96439e-05 
330 5202.24 8043.45 1.99129e-05 
331 5205 8040.6 1.91337e-05 
332 5207.3 8038.25 1.34921e-05 
333 5209.47 8036.09 1.4344e-05 
334 5210.67 8034.75 1.72053e-05 
335 5212.38 8032.95 1.40164e-05 
336 5217.79 8027.48 1.71075e-05 
337 5227.73 8017.46 1.71443e-05 
338 5236.12 8008.97 1.72844e-05 
339 5250.03 7994.99 1.51774e-05 
340 5272.69 7972.5 1.55987e-05 
341 5296.73 7948.46 1.37729e-05 
342 5319.34 7925.99 1.32923e-05 
343 5337.54 7907.75 1.1245e-05 
344 5360.9 7884.43 1.19628e-05 
345 5386.55 7858.78 9.38564e-06 
346 5405.7 7839.55 7.61496e-06 
347 5419.64 7825.6 8.6925e-06 
348 5433.75 7811.5 8.61334e-06 
349 5447.17 7798.1 7.04336e-06 
350 5456.1 7789.15 5.50412e-06 
351 5462.23 7783.25 9.46625e-06 
352 5463.09 7782.37 1.30739e-05 
353 5464.65 7780.83 1.82798e-05 
354 5470.14 7775.32 1.66635e-05 
355 5478.09 7767.34 1.40461e-05 
356 5482.33 7763.13 1.4829e-05 
357 5481.64 7763.78 1.43566e-05 
358 5479.89 7765.42 1.73543e-05 
359 5474.78 7770.49 1.90814e-05 
360 5467.2 7778 1.68458e-05 
361 5464 7781.19 1.71045e-05 
362 5467.83 7777.37 1.57814e-05 
363 5475.17 7769.95 1.28918e-05 
364 5486.18 7758.98 9.43081e-06 
365 5501.16 7743.97 7.09156e-06 
366 5521.39 7723.79 7.41985e-06 
367 5543.72 7701.44 8.13667e-06 
368 5567.21 7677.87 1.12788e-05 
369 5595.48 7649.67 1.01539e-05 
370 5624.77 7620.52 1.1561e-05 
371 5649.07 7596.33 1.24671e-05 
372 5668.7 7576.64 1.58125e-05 
373 5683.26 7562 1.28723e-05 
374 5694.35 7550.94 5.79981e-06 
375 5709.73 7535.53 5.50915e-06 
376 5727.25 7518.09 4.59701e-06 
377 5743.55 7501.78 5.02262e-06 
378 5763.02 7482.29 4.9941e-06 
379 5787.21 7458.21 3.46545e-06 
380 5816.79 7428.58 2.50759e-06 
381 5852.88 7392.47 7.00634e-06 
382 5894.82 7350.67 6.40098e-06 
383 5926.71 7318.94 8.54605e-07 
384 5942.92 7302.77 6.49132e-07 
385 5956.05 7289.71 -5.10365e-07 
386 5968.44 7277.42 8.57748e-07 
387 5979.16 7266.67 -1.07451e-06 
388 5990.31 7255.56 1.05033e-06 
389 6005.42 7240.41 6.63102e-07 
390 6022.65 7223.24 -5.22949e-06 
391 6039.56 7206.25 -2.22214e-06 
392 6057.75 7188.17 -2.84053e-06 
393 6073.76 7172.16 -2.11666e-06 
394 6085.85 7160.13 -5.45476e-06 
395 6093.76 7152.18 -5.52426e-06 
396 6100.96 7144.95 -4.34322e-06 
397 6108.4 7137.42 -3.55288e-06 
398 6118.87 7126.91 -7.92998e-06 
399 6135.88 7109.81 -7.05209e-06 
400 6146.69 7099.19 -1.32518e-05 
401 6150.57 7095.22 -1.67098e-05 
402 6157.42 7088.35 -2.09881e-05 
403 6164.02 7081.86 -1.71228e-05 
404 6170.62 7075.26 -7.90693e-06 
405 6181.03 7064.85 -9.54978e-06 
406 6197.47 7048.29 -6.43358e-06 
407 6215.52 7030.29 -6.72252e-06 
408 6236.3 7009.58 -6.91926e-06 
409 6262.5 6983.43 -3.31015e-06 
410 6279.41 6966.57 -4.1551e-06 
411 6284.58 6961.45 -6.13648e-06 
412 6290.31 6955.71 -1.14492e-05 
413 6296.38 6949.75 -8.17183e-06 
414 6299.59 6946.48 -7.97986e-06 
415 6297.09 6948.86 -9.40639e-06 
416 6292.42 6953.34 -8.71532e-06 
417 6288.18 6957.46 -3.07523e-06 
418 6282.94 6962.74 -2.70671e-06 
419 6282.07 6963.61 6.99045e-07 
420 6290.25 6955.34 3.85661e-06 
421 6303.43 6942.13 -3.5516e-06 
422 6315.49 6929.93 -5.1956e-06 
423 6329.19 6916.42 -4.42099e-06 
424 6339.18 6906.61 -4.39095e-06 
425 6344.01 6901.91 -2.90666e-06 
426 6350.77 6895.19 -3.04962e-06 
427 6360.41 6885.54 -4.97606e-06 
428 6370.33 6875.64 -2.50676e-06 
429 6385.45 6860.44 -3.64985e-06 
430 6407.03 6838.85 -8.34092e-06 
431 6435.06 6810.75 -9.8747e-06 
432 6468.21 6777.73 -7.14371e-06 
433 6502.3 6743.7 -7.43009e-06 
434 6537.42 6708.83 -9.65269e-06 
435 6568.22 6678.1 -8.75955e-06 
436 6595.02 6651.26 -8.75769e-06 
437 6615.35 6630.85 -7.73603e-06 
438 6634.2 6612.02 -6.94732e-06 
439 6656.9 6589.32 -1.02529e-05 
440 6677.96 6568.19 -3.2708e-06 
441 6701.34 6544.81 -2.04338e-06 
442 6726.54 6519.77 -7.24825e-06 
443 6750.44 6495.84 -1.00054e-05 
444 6775.16 6471.13 -1.30686e-05 
445 6800.21 6446.15 -1.57545e-05 
446 6817.31 6429.12 -1.74964e-05 
447 6828.06 6418.33 -1.58635e-05 
448 6838.98 6407.42 -1.68097e-05 
449 6847.24 6399.18 -1.43267e-05 
450 6854.11 6392.33 -1.46767e-05 
451 6861.76 6384.69 -2.03557e-05 
452 6874.92 6371.48 -1.51317e-05 
453 6896.36 6350 -1.17836e-05 
454 6924.97 6321.33 -8.86456e-06 
455 6954.23 6292.06 -1.13826e-05 
456 6976.05 6270.39 -7.4245e-06 
457 6995.41 6251.09 -2.34693e-06 
458 7008.76 6237.76 -4.87641e-06 
459 7014.71 6231.79 -1.28374e-05 
460 7021.27 6225.24 -1.30862e-05 
461 7025.15 6221.4 -8.31729e-06 
462 7025.17 6221.3 -1.24821e-05 
463 7028.22 6218.16 -1.37923e-05 
464 7039.77 6206.62 -1.05649e-05 
465 7057.38 6188.99 -9.76399e-06 
466 7080.79 6165.67 -1.29596e-05 
467 7106.77 6139.69 -1.30336e-05 
468 7133.16 6113.31 -1.10795e-05 
469 7162.2 6084.27 -1.21812e-05 
470 7191.91 6054.63 -9.24105e-06 
471 7211.59 6035.13 -1.42986e-05 
472 7215.59 6031.07 -1.69338e-05 
473 7211.63 6035.01 -1.67014e-05 
474 7208.09 6038.54 -1.78756e-05 
475 7207.59 6038.99 -1.64425e-05 
476 7209.01 6037.55 -1.77077e-05 
477 7212.97 6033.59 -2.29501e-05 
478 7221.2 6025.4 -2.29627e-05 
479 7235.15 6011.41 -1.37889e-05 
480 7252.29 5994.4 -1.19112e-05 
481 7268.39 5978.31 -1.19321e-05 
482 7289.79 5956.95 -1.48311e-05 
483 7319.77 5927.06 -1.43319e-05 
484 7351.78 5895.09 -1.82581e-05 
485 7381.14 5865.7 -2.02245e-05 
486 7402.22 5844.61 -1.88671e-05 
487 7413.92 5832.93 -1.95268e-05 
488 7417.13 5829.66 -2.57003e-05 
489 7417.03 5829.79 -2.67364e-05 
490 7415.27 5831.5 -2.8534e-05 
491 7407.67 5839.02 -2.77271e-05 
492 7394.53 5852.05 -3.03793e-05 
493 7380.98 5865.5 -2.88808e-05 
494 7373.7 5872.74 -2.69255e-05 
495 7375.62 5870.77 -3.0722e-05 
496 7388.18 5858.24 -2.94056e-05 
497 7408.44 5838.11 -2.78652e-05 
498 7434.32 5812.45 -2.98446e-05 
499 7458.74 5788.07 -2.62149e-05 
500 7479.33 5767.52 -2.42168e-05 
501 7502.47 5744.42 -2.35634e-05 
502 7528.65 5718.23 -3.08952e-05 
503 7554.94 5691.97 -3.12915e-05 
504 7578.12 5668.72 -3.03654e-05 
505 7601.18 5645.69 -3.28815e-05 
506 7621.05 5625.93 -2.93179e-05 
507 7637.52 5609.41 -2.33568e-05 
508 7654.73 5592.18 -2.40246e-05 
509 7669.27 5577.65 -2.03305e-05 
510 7686.44 5560.48 -2.32644e-05 
511 7706.1 5540.81 -2.15042e-05 
512 7726.69 5520.22 -1.91957e-05 
513 7745.08 5501.84 -1.35638e-05 
514 7755.64 5491.26 -1.32066e-05 
515 7763.07 5483.81 -1.30427e-05 
516 7766.92 5479.88 -1.28462e-05 
517 7769.93 5476.83 -8.95443e-06 
518 7778.51 5468.16 -9.53581e-06 
519 7792.03 5454.69 -5.61448e-06 
520 7805.08 5441.71 -8.04709e-06 
521 7817.59 5429.2 -6.81076e-06 
522 7834.25 5412.53 -9.55211e-06 
523 7851.33 5395.5 -1.18016e-05 
524 7863.15 5383.71 -7.13393e-06 
525 7871.4 5375.46 -1.10542e-05 
526 7878.79 5368.08 -1.28737e-05 
527 7884 5362.78 -9.00333e-06 
528 7889.63 5357.21 -1.04234e-05 
529 7893.76 5353.08 -9.83663e-06 
530 7900.51 5346.35 -1.49086e-05 
531 7909.37 5337.54 -1.85939e-05 
532 7911.21 5335.6 -2.42698e-05 
533 7912.34 5334.5 -2.61872e-05 
534 7913.75 5333.16 -2.24634e-05 
535 7912.96 5333.98 -2.76342e-05 
536 7914.6 5332.31 -2.80023e-05 
537 7923.68 5323.19 -2.97696e-05 
538 7936.75 5310.09 -2.82063e-05 
539 7948.66 5298.21 -3.35621e-05 
540 7959.33 5287.5 -3.46103e-05 
541 7967.71 5279.13 -3.45912e-05 
542 7976.9 5269.93 -3.2519e-05 
543 7991.19 5255.66 -3.42755e-05 
544 8008.44 5238.41 -3.00752e-05 
545 8026.61 5220.23 -2.47615e-05 
546 8046.78 5200.07 -2.32377e-05 
547 8066.96 5179.85 -2.5738e-05 
548 8090.1 5156.75 -2.54987e-05 
549 8114.69 5132.23 -1.87473e-05 
550 8136.86 5110.07 -1.55908e-05 
551 8157.33 5089.62 -1.02976e-05 
552 8174.38 5072.68 -1.48821e-05 
553 8190 5057.02 -1.32048e-05 
554 8203.4 5043.68 -1.48937e-05 
555 8214.49 5032.6 -1.38148e-05 
556 8224.04 5023.05 -1.2672e-05 
557 8232.19 5014.8 -5.55645e-06 
558 8240.5 5006.48 -7.8077e-06 
559 8247.27 4999.66 -4.47778e-06 
560 8254.36 4992.59 -3.9977e-06 
561 8259.85 4987.2 -2.29059e-06 
562 8264.96 4982.05 -1.93529e-06 
563 8273.93 4973.12 2.67522e-07 
564 8284.11 4962.93 -1.29454e-07 
565 8291.9 4955.1 -1.08621e-06 
566 8296.61 4950.41 1.84705e-06 
567 8303.19 4943.8 2.8637e-06 
568 8312.35 4934.61 4.60749e-06 
569 8319.83 4927.17 6.41542e-06 
570 8324.48 4922.45 8.98889e-06 
571 8326.11 4920.72 1.63293e-05 
572 8326.65 4920.18 1.3033e-05 
573 8330.6 4916.28 1.1504e-05 
574 8342.29 4904.6 9.86665e-06 
575 8360.2 4886.74 1.03717e-05 
576 8375.2 4871.77 1.11866e-05 
577 8389.39 4857.53 7.594e-06 
578 8406.32 4840.67 4.83473e-06 
579 8424.2 4822.8 5.87699e-06 
580 8442.35 4804.74 1.21072e-06 
581 8459.63 4787.46 5.32088e-06 
582 8474.61 4772.47 6.51181e-06 
583 8488.69 4758.44 5.47175e-06 
584 8500.81 4746.32 7.53533e-06 
585 8510.85 4736.31 5.61122e-06 
586 8523.05 4724.09 7.05861e-06 
587 8535.61 4711.56 1.37476e-05 
588 8546.17 4700.99 1.09908e-05 
589 8553.54 4693.58 1.0672e-05 
590 8559.43 4687.71 8.59116e-06 
591 8565.29 4681.86 7.19388e-06 
592 8573.75 4673.38 7.60518e-06 
593 8586.33 4660.78 8.99099e-06 
594 8596.63 4650.51 9.06456e-06 
595 8602.91 4644.21 3.27826e-06 
596 8609.6 4637.54 6.90925e-07 
597 8617.73 4629.39 -8.85339e-07 
598 8627.96 4619.15 -1.85054e-06 
599 8638.64 4608.54 1.295e-06 
600 8645.21 4601.88 1.36299e-06 
601 8647.07 4599.96 -2.04798e-06 
602 8649.28 4597.77 -1.9297e-06 
603 8656.5 4590.58 -2.49222e-06 
604 8663.84 4583.24 -4.67151e-06 
605 8671.69 4575.42 -4.95417e-06 
606 8680.6 4566.52 1.20886e-06 
607 8687.21 4559.9 5.25638e-06 
608 8695.7 4551.39 1.90805e-07 
609 8702.87 4544.23 -5.21902e-06 
610 8706.94 4540.16 -1.23214e-06 
611 8713.11 4533.97 1.27032e-06 
612 8724.5 4522.59 -6.21472e-06 
613 8739.78 4507.43 -5.98188e-06 
614 8756.65 4490.5 -9.2925e-06 
615 8775.29 4471.85 -1.43675e-05 
616 8791.74 4455.43 -1.93994e-05 
617 8806.51 4440.69 -2.26726e-05 
618 8825.57 4421.6 -2.25259e-05 
619 8848.24 4398.95 -2.17203e-05 
620 8873.13 4374.07 -1.50846e-05 
621 8898.06 4349.21 -1.54581e-05 
622 8923.38 4323.91 -1.69054e-05 
623 8949.58 4297.75 -1.83121e-05 
624 8973.93 4273.43 -1.85557e-05 
625 8993.92 4253.45 -1.92244e-05 
626 9009.86 4237.5 -1.81096e-05 
627 9023.6 4223.78 -2.07714e-05 
628 9034.77 4212.53 -2.03418e-05 
629 9044.16 4203.12 -2.02032e-05 
630 9050.42 4196.86 -2.26418e-05 
631 9054.42 4192.86 -2.40576e-05 
632 9057.1 4190.09 -2.35878e-05 
633 9061.77 4185.41 -2.32235e-05 
634 9069.5 4177.71 -2.5724e-05 
635 9080.01 4167.22 -2.65599e-05 
636 9091.81 4155.35 -2.1447e-05 
637 9102.59 4144.55 -2.10428e-05 
638 9116.35 4130.71 -2.36989e-05 
639 9135.45 4111.59 -2.12293e-05 
640 9156.87 4090.27 -2.1629e-05 
641 9176.2 4070.98 -2.08104e-05 
642 9189.5 4057.81 -1.81263e-05 
643 9198.11 4049.22 -1.91443e-05 
644 9205.03 4042.28 -1.81291e-05 
645 9210.37 4036.95 -2.22679e-05 
646 9214.29 4032.99 -2.51518e-05 
647 9214.02 4033.23 -2.73036e-05 
648 9209.81 4037.34 -3.16501e-05 
649 9205.62 4041.51 -2.81526e-05 
650 9201.82 4045.3 -2.57073e-05 
651 9198.38 4048.68 -2.82973e-05 
652 9196.77 4050.19 -3.16724e-05 
653 9198.31 4048.76 -2.43401e-05 
654 9202.16 4045.04 -1.85771e-05 
655 9208.51 4038.75 -1.2299e-05 
656 9218.7 4028.56 -1.12327e-05 
657 9231.46 4015.83 -1.11428e-05 
658 9244.52 4002.84 -9.95211e-06 
659 9258.3 3989.05 -8.40146e-06 
660 9271.71 3975.62 -6.23893e-06 
661 9283.79 3963.57 -1.36471e-05 
662 9294.48 3952.86 -9.13627e-06 
663 9304 3943.35 -1.21077e-05 
664 9312.64 3934.71 -1.18539e-05 
665 9321.39 3925.94 -1.10473e-05 
666 9334.38 3912.89 -1.30703e-05 
667 9350.19 3897.06 -1.66541e-05 
668 9365.57 3881.72 -1.99599e-05 
669 9380.62 3866.65 -2.24156e-05 
670 9398.39 3848.88 -1.91887e-05 
671 9418.55 3828.76 -1.54527e-05 
672 9438.41 3808.84 -9.83849e-06 
673 9460.17 3787.07 -9.65968e-06 
674 9484.59 3762.68 -1.43312e-05 
675 9505.85 3741.58 -1.74189e-05 
676 9522 3725.42 -1.6355e-05 
677 9536.51 3710.92 -1.73054e-05 
678 9548.49 3699.01 -1.35703e-05 
679 9557.57 3689.86 -1.31831e-05 
680 9565.98 3681.45 -9.48086e-06 
681 9576.65 3670.8 -8.92521e-06 
682 9587.96 3659.46 -8.37818e-06 
683 9595.54 3651.88 -6.25176e-06 
684 9597.74 3649.73 -3.98071e-06 
685 9597.42 3650.05 -3.23635e-06 
686 9596.08 3651.4 2.40281e-07 
687 9595.69 3651.8 5.07222e-06 
688 9598.99 3648.45 9.66759e-06 
689 9606.77 3640.65 1.40185e-05 
690 9620.55 3626.9 1.84095e-05 
691 9635.04 3612.43 1.90735e-05 
692 9645.49 3602.05 1.49645e-05 
693 9652.73 3594.76 1.32113e-05 
694 9658.02 3589.42 1.22525e-05 
695 9663.03 3584.39 1.71077e-05 
696 9667.6 3579.76 1.48648e-05 
697 9672.59 3574.77 1.81593e-05 
698 9677.81 3569.5 1.72798e-05 
699 9682.71 3564.53 1.69754e-05 
700 9688.16 3559.11 2.36426e-05 
701 9693.93 3553.36 1.88847e-05 
702 9702.39 3544.92 1.63276e-05 
703 9713.13 3534.21 1.66667e-05 
704 9722.63 3524.76 1.63864e-05 
705 9733.01 3514.37 1.80192e-05 
706 9743.75 3503.68 1.5974e-05 
707 9753.76 3493.7 2.06419e-05 
708 9764.54 3482.91 1.94245e-05 
709 9775.14 3472.3 1.95429e-05 
710 9783.1 3464.43 2.26381e-05 
711 9786.75 3460.75 1.90848e-05 
712 9791.5 3455.97 1.98949e-05 
713 9800.38 3447.1 1.84674e-05 
714 9811.67 3435.81 2.03983e-05 
715 9826.47 3421.02 2.10432e-05 
716 9842.56 3404.96 2.03606e-05 
717 9854.4 3393.11 1.75685e-05 
718 9862.72 3384.81 1.84637e-05 
719 9872.52 3375 2.25129e-05 
720 9880.96 3366.55 2.56402e-05 
721 9885.66 3361.86 2.87108e-05 
722 9889.83 3357.65 2.52253e-05 
723 9895.53 3351.95 2.4437e-05 
724 9903.11 3344.4 1.47521e-05 
725 9912.44 3335.06 1.72209e-05 
726 9923.95 3323.52 2.06353e-05 
727 9934.88 3312.68 2.5389e-05 
728 9942.9 3304.73 2.7718e-05 
729 9949.45 3298.16 2.27229e-05 
730 9956.4 3291.25 2.04339e-05 
731 9960.24 3287.39 1.94944e-05 
732 9963.49 3284.12 1.55021e-05 
733 9969.17 3278.44 1.35889e-05 
734 9973.51 3274.09 1.26492e-05 
735 9978.19 3269.41 1.88034e-05 
736 9986.1 3261.49 1.36127e-05 
737 9996.93 3250.67 6.22845e-06 
738 10008 3239.58 1.18531e-05 
739 10017 3230.63 1.16001e-05 
740 10024.9 3222.73 7.0096e-06 
741 10032.9 3214.78 -4.54253e-07 
742 10039.7 3207.98 -6.31227e-06 
743 10046.3 3201.3 -1.25938e-05 
744 10054 3193.67 -1.25822e-05 
745 10061.7 3185.89 -1.43014e-05 
746 10069.9 3177.71 -2.65636e-05 
747 10079.9 3167.62 -2.79221e-05 
748 10088.9 3158.67 -2.69976e-05 
749 10095.6 3151.93 -2.81474e-05 
750 10102.9 3144.74 -3.14435e-05 
751 10110.7 3136.96 -3.48361e-05 
752 10118.9 3128.68 -2.69599e-05 
753 10128.1 3119.5 -2.75839e-05 
754 10140.9 3106.63 -2.50582e-05 
755 10155.2 3092.38 -2.91097e-05 
756 10166.4 3081.22 -2.7597e-05 
757 10173.9 3073.71 -2.73013e-05 
758 10179.7 3067.91 -2.52647e-05 
759 10187.1 3060.56 -2.63026e-05 
760 10195.8 3051.87 -2.18201e-05 
761 10205.5 3042.15 -2.76305e-05 
762 10216 3031.71 -2.98098e-05 
763 10226.2 3021.49 -3.04319e-05 
764 10237.6 3010.13 -2.86162e-05 
765 10249.6 2998.1 -3.00091e-05 
766 10263.9 2983.79 -2.98009e-05 
767 10278.4 2969.26 -3.24814e-05 
768 10291.8 2955.87 -2.78793e-05 
769 10308.5 2939.15 -1.97892e-05 
770 10327.5 2920.15 -2.28179e-05 
771 10344.6 2903.03 -1.97208e-05 
772 10356.4 2891.29 -1.81324e-05 
773 10365.5 2882.2 -1.65422e-05 
774 10373.8 2873.98 -2.31988e-05 
775 10377.9 2869.85 -3.13777e-05 
776 10379.7 2868.04 -3.0547e-05 
777 10383.1 2864.63 -3.08383e-05 
778 10389.5 2858.19 -2.93518e-05 
779 10397 2850.68 -3.02671e-05 
780 10405 2842.69 -2.58461e-05 
781 10413.1 2834.6 -2.42619e-05 
782 10420.2 2827.5 -2.95592e-05 
783 10425.9 2821.77 -2.89718e-05 
784 10428.9 2818.82 -2.57855e-05 
785 10432.8 2814.9 -2.68059e-05 
786 10438.5 2809.14 -2.2307e-05 
787 10445 2802.69 -1.73561e-05 
788 10454.6 2793.07 -1.989e-05 
789 10465.2 2782.42 -2.0586e-05 
790 10472.9 2774.77 -2.18516e-05 
791 10479 2768.68 -1.70278e-05 
792 10485.6 2762.04 -2.007e-05 
793 10492.3 2755.36 -1.45952e-05 
794 10498.7 2749.01 -1.2529e-05 
795 10504.3 2743.43 -1.20948e-05 
796 10508.8 2738.94 -1.52304e-05 
797 10513.7 2734.04 -1.60867e-05 
798 10520.2 2727.57 -1.91385e-05 
799 10529.3 2718.45 -2.03687e-05 
800 10538.9 2708.87 -2.13328e-05 
801 10546.8 2700.93 -2.63365e-05 
802 10554.6 2693.15 -2.40691e-05 
803 10561.1 2686.64 -2.50889e-05 
804 10565.9 2681.84 -2.73036e-05 
805 10571.3 2676.41 -3.29432e-05 
806 10577.9 2669.85 -3.17101e-05 
807 10584.3 2663.44 -3.17575e-05 
808 10592.2 2655.59 -2.78596e-05 
809 10600.1 2647.62 -2.47927e-05 
810 10605.2 2642.52 -2.18342e-05 
811 10608.3 2639.45 -2.1047e-05 
812 10611.2 2636.57 -2.38912e-05 
813 10613.7 2634.11 -1.88523e-05 
814 10615.2 2632.61 -2.0925e-05 
815 10615.9 2631.92 -2.5332e-05 
816 10616 2631.77 -1.95536e-05 
817 10618.7 2629.12 -1.99024e-05 
818 10622.6 2625.16 -2.22262e-05 
819 10626.8 2621.04 -1.85849e-05 
820 10631 2616.75 -1.03673e-05 
821 10633.3 2614.47 -1.04466e-05 
822 10633.7 2614.13 -1.03796e-05 
823 10633 2614.79 -1.07305e-05 
824 10633.6 2614.17 -1.05418e-05 
825 10636.5 2611.31 -1.26947e-05 
826 10639.9 2607.86 -9.15676e-06 
827 10643.7 2604.05 -1.74795e-05 
828 10648.1 2599.64 -1.83703e-05 
829 10653.5 2594.27 -1.56357e-05 
830 10660 2587.76 -2.0246e-05 
831 10666.5 2581.24 -2.27001e-05 
832 10673.7 2573.97 -2.21506e-05 
833 10682.9 2564.76 -2.17394e-05 
834 10695.1 2552.64 -1.68141e-05 
835 10708.3 2539.41 -1.36798e-05 
836 10720.7 2527.01 -1.41291e-05 
837 10732.6 2515.13 -1.61664e-05 
838 10744.4 2503.36 -1.55624e-05 
839 10755.3 2492.49 -1.78462e-05 
840 10765.6 2482.24 -2.07326e-05 
841 10777.4 2470.45 -2.15278e-05 
842 10791.2 2456.64 -2.40472e-05 
843 10805.3 2442.55 -2.72347e-05 
844 10819.8 2428.01 -3.44403e-05 
845 10833.7 2414.17 -3.00123e-05 
846 10845.8 2402.03 -3.23469e-05 
847 10858.4 2389.52 -3.23551e-05 
848 10869.3 2378.57 -3.09517e-05 
849 10877 2370.88 -3.05993e-05 
850 10883.2 2364.71 -2.76491e-05 
851 10889 2358.91 -2.46246e-05 
852 10894.1 2353.78 -1.94323e-05 
853 10898.2 2349.73 -1.37182e-05 
854 10903.5 2344.44 -1.72229e-05 
855 10910.6 2337.31 -2.14707e-05 
856 10919.3 2328.62 -2.2335e-05 
857 10928.9 2318.98 -1.29852e-05 
858 10938.2 2309.66 -9.83733e-06 
859 10946.5 2301.37 -1.47214e-05 
860 10952.5 2295.38 -1.0767e-05 
861 10958.5 2289.42 -6.23928e-06 
862 10964.5 2283.41 -9.31695e-06 
863 10967.3 2280.56 -7.61217e-06 
864 10968 2279.87 -6.88341e-06 
865 10968.6 2279.29 -2.65427e-07 
866 10968.7 2279.16 7.77654e-08 
867 10969.2 2278.63 1.96137e-06 
868 10971.1 2276.81 -3.45334e-06 
869 10973.5 2274.4 1.09733e-06 
870 10976.5 2271.34 1.47033e-06 
871 10981.3 2266.52 2.54624e-06 
872 10986.4 2261.44 3.73647e-06 
873 10990.4 2257.45 9.62988e-06 
874 10994.9 2252.94 3.81749e-06 
875 11000.2 2247.72 4.40283e-07 
876 11006.1 2241.75 -1.234e-06 
877 11013.6 2234.31 -4.56488e-06 
878 11022.1 2225.78 -4.77023e-06 
879 11029.1 2218.8 -5.05935e-06 
880 11034.7 2213.25 -1.73226e-06 
881 11041.6 2206.31 -3.26021e-07 
882 11050.5 2197.47 -5.64521e-06 
883 11058.9 2189 -9.67912e-06 
884 11066.2 2181.74 -9.5655e-06 
885 11073.3 2174.58 -1.22613e-05 
886 11081.3 2166.62 -1.07773e-05 
887 11089.8 2158.07 -1.19978e-05 
888 11097.9 2150.02 -5.64102e-06 
889 11105.7 2142.18 -3.53367e-06 
890 11112.8 2135.14 -9.53674e-07 
891 11119.2 2128.72 -5.97909e-07 
892 11125 2122.97 3.74205e-06 
893 11128.1 2119.85 2.05252e-06 
894 11129 2118.96 3.88362e-06 
895 11129.3 2118.58 -2.36172e-06 
896 11128.8 2119.14 -4.67943e-06 
897 11127.7 2120.15 -1.09327e-05 
898 11126.5 2121.4 -6.65244e-06 
899 11125.5 2122.35 -6.88946e-06 
900 11125.3 2122.58 -1.47871e-06 
901 11125.3 2122.57 3.77395e-06 
902 11125.5 2122.44 5.68852e-06 
903 11125.6 2122.32 2.30176e-06 
904 11126.9 2120.99 3.02214e-06 
905 11129.5 2118.41 -3.553e-07 
906 11132.8 2115.12 -2.3474e-06 
907 11136 2111.88 1.30455e-06 
908 11138.4 2109.49 -2.15531e-06 
909 11140.8 2107.05 -2.35438e-06 
910 11144.3 2103.62 5.67175e-07 
911 11148.9 2099 -8.19843e-06 
912 11154.2 2093.73 -1.08387e-05 
913 11159 2088.91 -1.55363e-05 
914 11162.7 2085.18 -1.86255e-05 
915 11166.4 2081.5 -1.19508e-05 
916 11170.3 2077.61 -1.64288e-05 
917 11173.2 2074.73 -1.20236e-05 
918 11174.8 2073.15 -7.54357e-06 
919 11176.4 2071.53 -1.07018e-05 
920 11177.7 2070.21 -4.32503e-06 
921 11178.3 2069.58 2.13832e-06 
922 11179.8 2068.09 7.73137e-06 
923 11181.6 2066.31 4.66406e-06 
924 11182.4 2065.5 -1.15903e-06 
925 11182.3 2065.61 -1.49058e-06 
926 11181.2 2066.71 3.13763e-06 
927 11180.2 2067.75 3.04403e-06 
928 11179 2068.86 5.97077e-06 
929 11176.6 2071.33 4.20399e-06 
930 11174.1 2073.76 -3.80457e-06 
931 11173.7 2074.13 -2.00886e-06 
932 11174.9 2073.01 -2.49874e-06 
933 11176.5 2071.37 -3.32412e-06 
934 11179.4 2068.53 -6.73113e-06 
935 11183.8 2064.08 -9.70019e-06 
936 11189.1 2058.85 -7.44127e-06 
937 11194.6 2053.25 -2.03506e-06 
938 11201.2 2046.71 -6.26617e-06 
939 11208 2039.92 -1.09954e-05 
940 11215.7 2032.23 -1.41349e-05 
941 11224.9 2022.96 -9.47271e-06 
942 11235.1 2012.72 -7.84322e-06 
943 11247 2000.91 -6.03081e-06 
944 11260.5 1987.39 -5.15115e-06 
945 11275.6 1972.31 -1.00536e-06 
946 11289.5 1958.43 1.10059e-06 
947 11301.6 1946.28 -2.61422e-06 
948 11314.2 1933.74 8.9407e-07 
949 11326.8 1921.14 -1.25775e-06 
950 11337.7 1910.18 -5.21075e-06 
951 11346.5 1901.42 -4.36977e-06 
952 11354.5 1893.41 -2.26498e-06 
953 11361.9 1886.03 -7.38422e-07 
954 11369.3 1878.64 -6.84711e-06 
955 11376.2 1871.81 -3.55672e-06 
956 11382.1 1865.85 -1.27312e-06 
957 11387.8 1860.2 -1.87568e-06 
958 11393.2 1854.77 -6.82799e-06 
959 11398.3 1849.69 -3.44776e-06 
960 11402.6 1845.32 -3.33507e-06 
961 11405.5 1842.48 9.40636e-08 
962 11406.9 1841.06 3.20247e-06 
963 11408.6 1839.33 4.87268e-06 
964 11410.3 1837.62 4.28414e-06 
965 11411.1 1836.86 2.92575e-06 
966 11411 1836.9 3.5956e-06 
967 11411.5 1836.42 1.49291e-06 
968 11412.7 1835.18 6.46687e-06 
969 11414.7 1833.24 5.88712e-06 
970 11418 1829.92 -4.34369e-06 
971 11423.7 1824.18 -1.05611e-05 
972 11432.2 1815.72 -6.89086e-06 
973 11442.3 1805.58 -4.13589e-06 
974 11454.1 1793.8 -5.96745e-07 
975 11466.2 1781.72 1.40816e-06 
976 11478.8 1769.14 -7.42474e-06 
977 11493.1 1754.82 -5.1558e-06 
978 11508.2 1739.72 -9.43895e-06 
979 11522.5 1725.43 -1.12765e-05 
980 11535.4 1712.55 -7.97492e-06 
981 11547.1 1700.9 -1.32248e-05 
982 11556.5 1691.5 -7.21356e-06 
983 11564 1683.97 -1.08513e-05 
984 11571 1676.98 -8.09226e-06 
985 11576.5 1671.54 -3.97582e-06 
986 11580.2 1667.84 -1.44867e-06 
987 11583.2 1664.78 -1.0971e-05 
988 11584.4 1663.61 -1.25009e-05 
989 11583.9 1664.12 -1.09337e-05 
990 11582.6 1665.38 -1.63149e-05 
991 11579.9 1668.03 -1.16359e-05 
992 11575.9 1672.09 -1.5196e-05 
993 11571.7 1676.31 -1.52495e-05 
994 11568.2 1679.72 -1.52504e-05 
995 11564.7 1683.3 -1.84439e-05 
996 11561.1 1686.86 -2.22381e-05 
997 11559 1688.95 -2.49066e-05 
998 11558.5 1689.5 -2.37962e-05 
999 11559.6 1688.38 -2.09915e-05 
