0 0.00197632 4407.13 1.00025e-09 
1 0.00790528 4407.12 3.20976e-09 
2 0.0177868 4407.11 -1.26668e-09 
3 0.0316207 4407.1 2.55775e-09 
4 0.0494069 4407.08 -1.60728e-08 
5 0.071145 4407.06 -1.81828e-08 
6 0.0968348 4407.03 -2.71002e-08 
7 0.126476 4407 -4.32121e-08 
8 0.160068 4406.97 -2.21782e-08 
9 0.19761 4406.93 -3.80598e-08 
10 0.239102 4406.89 -2.74622e-08 
11 0.284543 4406.84 -1.02971e-08 
12 0.333932 4406.79 2.40696e-08 
13 0.387269 4406.74 -1.46151e-08 
14 0.444553 4406.68 -4.70548e-08 
15 0.505782 4406.62 -2.75881e-08 
16 0.570957 4406.56 -2.99849e-09 
17 0.640075 4406.49 1.60671e-09 
18 0.713136 4406.41 1.90687e-08 
19 0.790139 4406.34 -9.68123e-09 
20 0.871083 4406.26 -4.80811e-08 
21 0.955965 4406.17 -3.56642e-08 
22 1.04479 4406.08 5.8664e-09 
23 1.13754 4405.99 -6.58989e-08 
24 1.23423 4405.89 -4.46013e-08 
25 1.33486 4405.79 -6.77972e-08 
26 1.43942 4405.69 -7.95335e-08 
27 1.5479 4405.58 -8.91189e-08 
28 1.66032 4405.47 -5.84217e-08 
29 1.77666 4405.35 -9.92615e-08 
30 1.89693 4405.23 -7.05618e-08 
31 2.02112 4405.11 -6.6013e-08 
32 2.14923 4404.98 3.9643e-08 
33 2.28126 4404.85 7.65158e-08 
34 2.41721 4404.71 8.03634e-08 
35 2.55707 4404.57 8.48948e-08 
36 2.70085 4404.43 1.22112e-07 
37 2.84853 4404.28 1.28658e-07 
38 3.00012 4404.13 9.65172e-08 
39 3.15562 4403.97 1.5968e-07 
40 3.31502 4403.81 1.25154e-07 
41 3.47833 4403.65 3.12195e-08 
42 3.64553 4403.48 1.2577e-07 
43 3.81662 4403.31 1.12422e-07 
44 3.99161 4403.14 1.29119e-07 
45 4.17049 4402.96 5.35899e-08 
46 4.35325 4402.77 1.11368e-07 
47 4.5399 4402.59 7.48979e-08 
48 4.73043 4402.4 -5.63081e-08 
49 4.92484 4402.2 -1.71585e-08 
50 5.12312 4402 1.30227e-07 
51 5.32528 4401.8 1.5712e-07 
52 5.5313 4401.6 2.38514e-07 
53 5.74119 4401.39 5.28012e-08 
54 5.95494 4401.17 1.33622e-07 
55 6.17255 4400.96 1.45134e-07 
56 6.39401 4400.73 6.51974e-08 
57 6.61933 4400.51 -3.36622e-08 
58 6.8485 4400.28 -1.80344e-08 
59 7.0815 4400.05 1.42081e-07 
60 7.31836 4399.81 2.9261e-07 
61 7.55904 4399.57 3.78528e-07 
62 7.80356 4399.32 5.42417e-07 
63 8.05191 4399.08 4.14951e-07 
64 8.30409 4398.82 6.51328e-07 
65 8.56009 4398.57 5.87259e-07 
66 8.8199 4398.31 6.47034e-07 
67 9.08353 4398.04 5.19523e-07 
68 9.35097 4397.78 4.42081e-07 
69 9.62221 4397.51 2.7389e-07 
70 9.89725 4397.23 3.6918e-07 
71 10.1761 4396.95 2.24065e-07 
72 10.4587 4396.67 1.22569e-07 
73 10.7451 4396.38 3.13279e-07 
74 11.0353 4396.09 2.05035e-07 
75 11.3293 4395.8 3.9187e-07 
76 11.6271 4395.5 5.03843e-07 
77 11.9286 4395.2 5.41184e-07 
78 12.2339 4394.89 7.18519e-07 
79 12.5429 4394.59 7.32794e-07 
80 12.8557 4394.27 6.84614e-07 
81 13.1723 4393.96 6.09127e-07 
82 13.4926 4393.64 6.51545e-07 
83 13.8166 4393.31 7.05204e-07 
84 14.1444 4392.98 8.40033e-07 
85 14.4759 4392.65 7.70652e-07 
86 14.8111 4392.32 8.50178e-07 
87 15.1501 4391.98 9.11954e-07 
88 15.4927 4391.64 7.51096e-07 
89 15.8391 4391.29 8.1817e-07 
90 16.1892 4390.94 9.4175e-07 
91 16.5429 4390.59 1.0198e-06 
92 16.9004 4390.23 8.16892e-07 
93 17.2615 4389.87 1.0402e-06 
94 17.6264 4389.5 9.51399e-07 
95 17.9949 4389.13 9.75943e-07 
96 18.367 4388.76 1.09883e-06 
97 18.7429 4388.39 1.09027e-06 
98 19.1223 4388.01 1.18997e-06 
99 19.5055 4387.62 1.512e-06 
100 19.8923 4387.24 1.6333e-06 
101 20.2827 4386.85 1.45727e-06 
102 20.6768 4386.45 1.33111e-06 
103 21.0745 4386.05 1.47328e-06 
104 21.4758 4385.65 1.18075e-06 
105 21.8807 4385.25 1.52092e-06 
106 22.2892 4384.84 1.47269e-06 
107 22.7014 4384.43 1.27695e-06 
108 23.1171 4384.01 1.42149e-06 
109 23.5364 4383.59 1.45806e-06 
110 23.9593 4383.17 1.48175e-06 
111 24.3858 4382.74 1.22479e-06 
112 24.8158 4382.31 1.10365e-06 
113 25.2494 4381.88 9.60177e-07 
114 25.6866 4381.44 8.77755e-07 
115 26.1273 4381 7.4947e-07 
116 26.5716 4380.56 8.24465e-07 
117 27.0194 4380.11 6.53032e-07 
118 27.4707 4379.66 1.07554e-06 
119 27.9256 4379.2 1.1718e-06 
120 28.3839 4378.74 1.12827e-06 
121 28.8458 4378.28 1.3375e-06 
122 29.3112 4377.82 1.36193e-06 
123 29.78 4377.35 1.65834e-06 
124 30.2524 4376.88 1.72953e-06 
125 30.7282 4376.4 1.95602e-06 
126 31.2075 4375.92 2.15521e-06 
127 31.6903 4375.44 1.91601e-06 
128 32.1765 4374.95 1.94932e-06 
129 32.6662 4374.46 2.26965e-06 
130 33.1593 4373.97 2.07753e-06 
131 33.6558 4373.47 2.27109e-06 
132 34.1558 4372.97 2.15153e-06 
133 34.6592 4372.47 2.13248e-06 
134 35.166 4371.96 1.86832e-06 
135 35.6762 4371.45 1.8722e-06 
136 36.1898 4370.94 2.2589e-06 
137 36.7068 4370.42 2.29819e-06 
138 37.2272 4369.9 2.41958e-06 
139 37.7509 4369.38 2.81544e-06 
140 38.278 4368.85 3.29149e-06 
141 38.8085 4368.32 3.7246e-06 
142 39.3423 4367.79 3.66246e-06 
143 39.8795 4367.25 3.61721e-06 
144 40.42 4366.71 3.32468e-06 
145 40.9638 4366.16 3.09478e-06 
146 41.5109 4365.62 3.64696e-06 
147 42.0613 4365.07 4.2931e-06 
148 42.6151 4364.51 4.45257e-06 
149 43.1721 4363.96 4.44878e-06 
150 43.7324 4363.4 4.02275e-06 
151 44.296 4362.83 3.6655e-06 
152 44.8628 4362.27 3.72849e-06 
153 45.4329 4361.7 3.50893e-06 
154 46.0063 4361.12 3.45847e-06 
155 46.5829 4360.55 3.46211e-06 
156 47.1627 4359.97 3.63394e-06 
157 47.7457 4359.38 3.65848e-06 
158 48.332 4358.8 3.75077e-06 
159 48.9214 4358.21 4.10126e-06 
160 49.5141 4357.61 4.21703e-06 
161 50.1099 4357.02 3.97462e-06 
162 50.709 4356.42 3.97077e-06 
163 51.3111 4355.82 4.06645e-06 
164 51.9165 4355.21 4.30682e-06 
165 52.525 4354.6 4.08851e-06 
166 53.1366 4353.99 4.09288e-06 
167 53.7514 4353.38 3.87394e-06 
168 54.3693 4352.76 3.98369e-06 
169 54.9903 4352.14 4.32868e-06 
170 55.6145 4351.51 4.04044e-06 
171 56.2417 4350.89 4.37965e-06 
172 56.872 4350.26 4.47193e-06 
173 57.5054 4349.62 4.63554e-06 
174 58.1418 4348.99 4.43904e-06 
175 58.7813 4348.35 4.25091e-06 
176 59.4239 4347.7 3.86962e-06 
177 60.0695 4347.06 3.77528e-06 
178 60.7181 4346.41 3.91236e-06 
179 61.3698 4345.76 3.99091e-06 
180 62.0244 4345.1 3.94914e-06 
181 62.6821 4344.45 4.18436e-06 
182 63.3428 4343.79 3.92451e-06 
183 64.0064 4343.12 3.99969e-06 
184 64.673 4342.46 4.23394e-06 
185 65.3426 4341.79 4.20945e-06 
186 66.0151 4341.11 4.89325e-06 
187 66.6906 4340.44 4.80181e-06 
188 67.369 4339.76 5.03114e-06 
189 68.0503 4339.08 5.2647e-06 
190 68.7346 4338.39 5.29077e-06 
191 69.4217 4337.71 5.33184e-06 
192 70.1118 4337.02 5.26099e-06 
193 70.8047 4336.32 5.15535e-06 
194 71.5005 4335.63 5.64439e-06 
195 72.1992 4334.93 5.50714e-06 
196 72.9007 4334.23 5.02424e-06 
197 73.6051 4333.52 4.8897e-06 
198 74.3123 4332.82 4.78365e-06 
199 75.0223 4332.11 4.66229e-06 
200 75.7352 4331.39 4.26974e-06 
201 76.4508 4330.68 3.8839e-06 
202 77.1693 4329.96 4.24089e-06 
203 77.8905 4329.24 4.11958e-06 
204 78.6145 4328.51 4.31144e-06 
205 79.3412 4327.79 4.78152e-06 
206 80.0708 4327.06 5.01872e-06 
207 80.803 4326.33 5.29244e-06 
208 81.538 4325.59 5.72951e-06 
209 82.2757 4324.85 6.25209e-06 
210 83.0161 4324.11 6.00868e-06 
211 83.7593 4323.37 6.22766e-06 
212 84.5051 4322.62 5.99565e-06 
213 85.2536 4321.87 5.65625e-06 
214 86.0047 4321.12 5.99329e-06 
215 86.7586 4320.37 5.5206e-06 
216 87.515 4319.61 4.65043e-06 
217 88.2741 4318.85 5.09806e-06 
218 89.0359 4318.09 4.85646e-06 
219 89.8002 4317.33 4.43849e-06 
220 90.5672 4316.56 4.18605e-06 
221 91.3368 4315.79 3.59583e-06 
222 92.1089 4315.02 4.24491e-06 
223 92.8836 4314.24 4.03245e-06 
224 93.6609 4313.47 4.16658e-06 
225 94.4407 4312.69 4.62356e-06 
226 95.2231 4311.91 5.09767e-06 
227 96.008 4311.12 4.63533e-06 
228 96.7954 4310.33 4.97871e-06 
229 97.5854 4309.54 4.98647e-06 
230 98.3778 4308.75 5.12437e-06 
231 99.1727 4307.96 5.0069e-06 
232 99.9701 4307.16 4.68696e-06 
233 100.77 4306.36 4.36298e-06 
234 101.572 4305.56 3.90634e-06 
235 102.377 4304.75 4.03425e-06 
236 103.184 4303.94 3.99144e-06 
237 103.994 4303.13 3.5154e-06 
238 104.806 4302.32 3.37005e-06 
239 105.62 4301.51 3.64125e-06 
240 106.437 4300.69 3.57959e-06 
241 107.256 4299.87 4.08097e-06 
242 108.078 4299.05 3.66285e-06 
243 108.902 4298.23 3.17545e-06 
244 109.728 4297.4 2.76065e-06 
245 110.557 4296.57 3.29788e-06 
246 111.388 4295.74 3.4705e-06 
247 112.221 4294.91 3.58102e-06 
248 113.057 4294.07 3.48671e-06 
249 113.894 4293.23 3.95709e-06 
250 114.735 4292.39 3.94098e-06 
251 115.577 4291.55 4.60547e-06 
252 116.422 4290.71 3.97349e-06 
253 117.269 4289.86 3.70335e-06 
254 118.118 4289.01 3.77371e-06 
255 118.969 4288.16 2.89167e-06 
256 119.823 4287.31 3.53462e-06 
257 120.678 4286.45 3.02324e-06 
258 121.536 4285.59 3.55891e-06 
259 122.397 4284.73 3.14446e-06 
260 123.259 4283.87 4.40942e-06 
261 124.123 4283 4.44669e-06 
262 124.99 4282.14 4.9344e-06 
263 125.859 4281.27 5.06394e-06 
264 126.73 4280.4 5.48399e-06 
265 127.603 4279.53 6.20039e-06 
266 128.478 4278.65 5.95668e-06 
267 129.355 4277.77 5.3686e-06 
268 130.234 4276.89 5.01217e-06 
269 131.116 4276.01 4.7971e-06 
270 131.999 4275.13 4.76343e-06 
271 132.885 4274.24 5.21953e-06 
272 133.772 4273.36 4.43899e-06 
273 134.662 4272.47 4.26345e-06 
274 135.553 4271.57 3.47975e-06 
275 136.447 4270.68 3.15636e-06 
276 137.342 4269.79 3.43889e-06 
277 138.24 4268.89 3.36281e-06 
278 139.139 4267.99 3.02994e-06 
279 140.041 4267.09 3.9231e-06 
280 140.944 4266.18 4.03691e-06 
281 141.849 4265.28 4.21399e-06 
282 142.757 4264.37 3.58579e-06 
283 143.666 4263.46 3.92513e-06 
284 144.577 4262.55 2.69344e-06 
285 145.49 4261.64 3.12673e-06 
286 146.405 4260.72 2.54989e-06 
287 147.321 4259.81 2.32617e-06 
288 148.24 4258.89 2.51471e-06 
289 149.16 4257.97 1.64711e-06 
290 150.083 4257.05 9.93994e-07 
291 151.007 4256.12 9.41832e-07 
292 151.933 4255.2 1.01383e-06 
293 152.86 4254.27 1.63562e-06 
294 153.79 4253.34 1.97067e-06 
295 154.721 4252.41 1.83921e-06 
296 155.654 4251.47 1.57813e-06 
297 156.589 4250.54 1.86875e-06 
298 157.525 4249.6 2.49519e-06 
299 158.464 4248.66 1.69788e-06 
300 159.404 4247.72 2.48683e-06 
301 160.345 4246.78 2.06721e-06 
302 161.289 4245.84 2.24775e-06 
303 162.234 4244.89 1.67842e-06 
304 163.181 4243.95 1.95274e-06 
305 164.129 4243 1.93442e-06 
306 165.079 4242.05 2.06215e-06 
307 166.031 4241.1 1.91344e-06 
308 166.984 4240.14 1.9024e-06 
309 167.939 4239.19 2.31335e-06 
310 168.896 4238.23 2.1569e-06 
311 169.854 4237.27 1.76435e-06 
312 170.814 4236.31 1.85743e-06 
313 171.775 4235.35 1.46672e-06 
314 172.738 4234.39 1.96956e-06 
315 173.703 4233.43 1.76924e-06 
316 174.669 4232.46 2.32484e-06 
317 175.637 4231.49 2.0291e-06 
318 176.606 4230.52 2.08682e-06 
319 177.577 4229.55 2.13276e-06 
320 178.549 4228.58 2.83225e-06 
321 179.523 4227.61 2.81531e-06 
322 180.498 4226.63 2.28712e-06 
323 181.474 4225.65 2.59577e-06 
324 182.453 4224.68 3.25037e-06 
325 183.432 4223.7 3.84956e-06 
326 184.413 4222.72 4.06852e-06 
327 185.396 4221.73 3.62964e-06 
328 186.379 4220.75 4.09312e-06 
329 187.365 4219.76 4.30772e-06 
330 188.351 4218.78 5.27359e-06 
331 189.339 4217.79 4.88563e-06 
332 190.329 4216.8 4.43258e-06 
333 191.32 4215.81 3.90788e-06 
334 192.312 4214.82 4.01901e-06 
335 193.305 4213.82 3.55389e-06 
336 194.3 4212.83 3.57438e-06 
337 195.297 4211.83 4.12835e-06 
338 196.294 4210.83 4.08306e-06 
339 197.293 4209.84 4.08518e-06 
340 198.293 4208.84 4.01638e-06 
341 199.294 4207.83 4.38369e-06 
342 200.297 4206.83 4.73637e-06 
343 201.301 4205.83 4.78352e-06 
344 202.306 4204.82 3.48606e-06 
345 203.313 4203.82 3.14873e-06 
346 204.32 4202.81 3.29116e-06 
347 205.329 4201.8 2.60952e-06 
348 206.339 4200.79 2.5286e-06 
349 207.351 4199.78 2.51962e-06 
350 208.363 4198.77 3.22974e-06 
351 209.377 4197.75 3.3641e-06 
352 210.392 4196.74 2.59368e-06 
353 211.408 4195.72 2.94753e-06 
354 212.425 4194.7 2.66613e-06 
355 213.443 4193.69 1.75119e-06 
356 214.462 4192.67 1.97389e-06 
357 215.483 4191.65 2.29924e-06 
358 216.505 4190.62 1.48886e-06 
359 217.527 4189.6 2.81873e-06 
360 218.551 4188.58 3.1755e-06 
361 219.576 4187.55 2.88154e-06 
362 220.602 4186.53 2.9861e-06 
363 221.629 4185.5 2.96938e-06 
364 222.658 4184.47 3.25861e-06 
365 223.687 4183.44 2.06559e-06 
366 224.717 4182.41 1.82485e-06 
367 225.748 4181.38 2.41255e-06 
368 226.78 4180.35 3.01658e-06 
369 227.814 4179.31 2.46279e-06 
370 228.848 4178.28 2.27486e-06 
371 229.883 4177.25 1.40427e-06 
372 230.919 4176.21 1.74168e-06 
373 231.957 4175.17 2.14098e-06 
374 232.995 4174.13 1.3707e-06 
375 234.034 4173.09 1.9927e-06 
376 235.074 4172.05 1.98465e-06 
377 236.115 4171.01 2.10309e-06 
378 237.157 4169.97 1.75861e-06 
379 238.199 4168.93 2.34679e-06 
380 239.243 4167.89 2.36979e-06 
381 240.288 4166.84 2.80709e-06 
382 241.333 4165.8 3.66186e-06 
383 242.379 4164.75 4.16683e-06 
384 243.426 4163.7 3.25762e-06 
385 244.474 4162.65 2.78943e-06 
386 245.523 4161.6 3.02284e-06 
387 246.573 4160.56 2.8996e-06 
388 247.624 4159.5 1.91806e-06 
389 248.675 4158.45 1.61971e-06 
390 249.727 4157.4 1.60702e-06 
391 250.78 4156.35 2.95127e-07 
392 251.834 4155.29 -1.63796e-07 
393 252.888 4154.24 5.13814e-07 
394 253.944 4153.18 3.24502e-07 
395 255 4152.13 2.19879e-08 
396 256.057 4151.07 6.27637e-07 
397 257.114 4150.01 8.10653e-07 
398 258.172 4148.96 6.60438e-07 
399 259.231 4147.9 1.10599e-06 
400 260.291 4146.84 1.56821e-06 
401 261.352 4145.78 1.27504e-06 
402 262.413 4144.72 4.08249e-07 
403 263.475 4143.65 2.34364e-07 
404 264.537 4142.59 -2.67308e-07 
405 265.6 4141.53 5.64207e-07 
406 266.664 4140.46 2.73441e-07 
407 267.729 4139.4 -3.1833e-07 
408 268.794 4138.33 6.65474e-07 
409 269.86 4137.27 5.95988e-07 
410 270.926 4136.2 1.76285e-06 
411 271.993 4135.13 6.69701e-07 
412 273.061 4134.07 -3.33152e-07 
413 274.129 4133 -6.91551e-07 
414 275.198 4131.93 -9.56199e-07 
415 276.268 4130.86 -8.02393e-08 
416 277.338 4129.79 4.39468e-07 
417 278.409 4128.72 8.42192e-07 
418 279.48 4127.65 8.43764e-07 
419 280.552 4126.58 5.70246e-07 
420 281.624 4125.5 1.06379e-06 
421 282.697 4124.43 1.37232e-06 
422 283.771 4123.36 1.54467e-06 
423 284.845 4122.28 1.35173e-06 
424 285.919 4121.21 5.39105e-07 
425 286.994 4120.13 1.90605e-06 
426 288.07 4119.06 2.6481e-06 
427 289.146 4117.98 2.25122e-06 
428 290.222 4116.91 2.61476e-06 
429 291.299 4115.83 3.32281e-06 
430 292.377 4114.75 3.17392e-06 
431 293.455 4113.67 2.70625e-06 
432 294.533 4112.6 2.2754e-06 
433 295.612 4111.52 2.32886e-06 
434 296.691 4110.44 2.64714e-06 
435 297.771 4109.36 2.83142e-06 
436 298.851 4108.28 2.9162e-06 
437 299.932 4107.2 2.1594e-06 
438 301.013 4106.12 1.54831e-06 
439 302.094 4105.03 2.49634e-06 
440 303.176 4103.95 3.15701e-06 
441 304.258 4102.87 3.15384e-06 
442 305.341 4101.79 3.83639e-06 
443 306.424 4100.7 4.11111e-06 
444 307.507 4099.62 4.82034e-06 
445 308.591 4098.54 4.45571e-06 
446 309.675 4097.45 3.94054e-06 
447 310.759 4096.37 4.82028e-06 
448 311.844 4095.28 4.80493e-06 
449 312.929 4094.2 3.849e-06 
450 314.015 4093.11 4.08076e-06 
451 315.101 4092.03 5.07888e-06 
452 316.187 4090.94 4.3991e-06 
453 317.273 4089.86 3.82912e-06 
454 318.36 4088.77 2.91994e-06 
455 319.447 4087.68 4.26122e-06 
456 320.534 4086.59 3.39151e-06 
457 321.622 4085.51 3.89722e-06 
458 322.71 4084.42 3.77505e-06 
459 323.798 4083.33 5.30817e-06 
460 324.886 4082.24 5.31365e-06 
461 325.975 4081.15 4.20713e-06 
462 327.064 4080.06 3.7771e-06 
463 328.153 4078.98 3.62684e-06 
464 329.242 4077.89 2.88993e-06 
465 330.332 4076.8 2.07004e-06 
466 331.422 4075.71 1.46081e-06 
467 332.512 4074.62 2.03701e-06 
468 333.602 4073.53 1.80217e-06 
469 334.693 4072.44 2.87164e-06 
470 335.784 4071.34 3.44923e-06 
471 336.875 4070.25 4.09322e-06 
472 337.966 4069.16 3.78894e-06 
473 339.057 4068.07 3.00716e-06 
474 340.149 4066.98 4.74251e-06 
475 341.24 4065.89 4.96341e-06 
476 342.332 4064.8 4.98231e-06 
477 343.424 4063.7 4.69619e-06 
478 344.516 4062.61 4.37006e-06 
479 345.609 4061.52 3.84072e-06 
480 346.701 4060.43 4.07409e-06 
481 347.794 4059.33 3.94708e-06 
482 348.886 4058.24 4.25517e-06 
483 349.979 4057.15 3.73984e-06 
484 351.072 4056.06 4.81807e-06 
485 352.165 4054.96 5.34668e-06 
486 353.259 4053.87 4.68442e-06 
487 354.352 4052.78 5.4331e-06 
488 355.445 4051.68 6.12951e-06 
489 356.539 4050.59 7.28277e-06 
490 357.632 4049.5 7.23358e-06 
491 358.726 4048.4 6.42793e-06 
492 359.82 4047.31 6.17103e-06 
493 360.914 4046.21 6.71021e-06 
494 362.008 4045.12 6.63797e-06 
495 363.102 4044.03 6.31914e-06 
496 364.196 4042.93 6.99941e-06 
497 365.29 4041.84 7.31915e-06 
498 366.384 4040.74 6.89772e-06 
499 367.478 4039.65 7.81624e-06 
500 368.573 4038.56 8.91319e-06 
501 369.667 4037.46 7.43903e-06 
502 370.761 4036.37 7.8454e-06 
503 371.856 4035.27 6.41466e-06 
504 372.95 4034.18 5.41992e-06 
505 374.044 4033.08 5.32277e-06 
506 375.139 4031.99 5.70147e-06 
507 376.233 4030.9 5.54541e-06 
508 377.328 4029.8 6.2256e-06 
509 378.422 4028.71 5.28971e-06 
510 379.516 4027.61 5.3313e-06 
511 380.611 4026.52 6.67217e-06 
512 381.705 4025.42 7.28978e-06 
513 382.8 4024.33 7.16941e-06 
514 383.894 4023.23 6.23608e-06 
515 384.988 4022.14 7.12572e-06 
516 386.083 4021.05 6.04632e-06 
517 387.177 4019.95 5.8196e-06 
518 388.271 4018.86 6.04699e-06 
519 389.365 4017.76 4.48964e-06 
520 390.459 4016.67 2.56376e-06 
521 391.553 4015.57 2.17411e-06 
522 392.647 4014.48 1.89923e-06 
523 393.741 4013.39 -2.48197e-07 
524 394.835 4012.29 -1.30993e-06 
525 395.929 4011.2 -1.38141e-06 
526 397.023 4010.11 -1.42163e-06 
527 398.117 4009.01 -9.9215e-07 
528 399.21 4007.92 -1.21567e-06 
529 400.304 4006.82 -1.27006e-06 
530 401.397 4005.73 2.56987e-08 
531 402.49 4004.64 1.8609e-06 
532 403.584 4003.54 2.59778e-06 
533 404.677 4002.45 3.26027e-06 
534 405.77 4001.36 2.59784e-06 
535 406.863 4000.27 1.89943e-06 
536 407.956 3999.17 5.1735e-07 
537 409.048 3998.08 4.99174e-07 
538 410.141 3996.99 8.49308e-07 
539 411.234 3995.89 5.70246e-07 
540 412.326 3994.8 3.08921e-06 
541 413.418 3993.71 3.12067e-06 
542 414.51 3992.62 3.7132e-06 
543 415.602 3991.53 4.24925e-06 
544 416.694 3990.43 3.57311e-06 
545 417.786 3989.34 2.06835e-06 
546 418.877 3988.25 2.87908e-06 
547 419.969 3987.16 3.74021e-06 
548 421.06 3986.07 4.66242e-06 
549 422.151 3984.98 4.87461e-06 
550 423.242 3983.89 4.47439e-06 
551 424.333 3982.8 4.45803e-06 
552 425.424 3981.7 4.43255e-06 
553 426.514 3980.61 6.06503e-06 
554 427.605 3979.52 5.04813e-06 
555 428.695 3978.43 5.62282e-06 
556 429.785 3977.34 5.58566e-06 
557 430.874 3976.25 6.33899e-06 
558 431.964 3975.16 6.66102e-06 
559 433.054 3974.07 7.01541e-06 
560 434.143 3972.99 6.90533e-06 
561 435.232 3971.9 7.05147e-06 
562 436.321 3970.81 8.02258e-06 
563 437.409 3969.72 7.87631e-06 
564 438.498 3968.63 7.57416e-06 
565 439.586 3967.54 6.26864e-06 
566 440.674 3966.45 5.6159e-06 
567 441.762 3965.37 6.35326e-06 
568 442.85 3964.28 6.60917e-06 
569 443.938 3963.19 7.04656e-06 
570 445.025 3962.1 7.15132e-06 
571 446.112 3961.02 8.29599e-06 
572 447.199 3959.93 9.33284e-06 
573 448.285 3958.84 8.71329e-06 
574 449.372 3957.76 9.59041e-06 
575 450.458 3956.67 8.3083e-06 
576 451.544 3955.58 9.40674e-06 
577 452.63 3954.5 9.98241e-06 
578 453.715 3953.41 1.05367e-05 
579 454.801 3952.33 1.10863e-05 
580 455.886 3951.24 1.0747e-05 
581 456.971 3950.16 1.06517e-05 
582 458.055 3949.07 1.00328e-05 
583 459.14 3947.99 7.81327e-06 
584 460.224 3946.9 8.31866e-06 
585 461.308 3945.82 9.03322e-06 
586 462.391 3944.74 9.80351e-06 
587 463.475 3943.65 1.10205e-05 
588 464.558 3942.57 1.04447e-05 
589 465.641 3941.49 1.05135e-05 
590 466.723 3940.4 9.14471e-06 
591 467.806 3939.32 9.68925e-06 
592 468.888 3938.24 9.75397e-06 
593 469.97 3937.16 1.07547e-05 
594 471.051 3936.08 9.80275e-06 
595 472.133 3935 9.81451e-06 
596 473.214 3933.91 1.02013e-05 
597 474.295 3932.83 8.98063e-06 
598 475.375 3931.75 8.95193e-06 
599 476.456 3930.67 1.08418e-05 
600 477.536 3929.59 9.14402e-06 
601 478.616 3928.51 8.56974e-06 
602 479.695 3927.43 8.41153e-06 
603 480.774 3926.35 7.50215e-06 
604 481.853 3925.28 6.62002e-06 
605 482.932 3924.2 6.53119e-06 
606 484.01 3923.12 6.76245e-06 
607 485.088 3922.04 6.54423e-06 
608 486.166 3920.96 6.15191e-06 
609 487.244 3919.88 6.45383e-06 
610 488.321 3918.81 6.17199e-06 
611 489.398 3917.73 5.28066e-06 
612 490.475 3916.65 5.61809e-06 
613 491.551 3915.58 7.48475e-06 
614 492.627 3914.5 6.68009e-06 
615 493.703 3913.43 7.28015e-06 
616 494.779 3912.35 7.74453e-06 
617 495.854 3911.27 7.60984e-06 
618 496.929 3910.2 8.79634e-06 
619 498.004 3909.12 7.04837e-06 
620 499.078 3908.05 7.20227e-06 
621 500.152 3906.98 9.32458e-06 
622 501.226 3905.9 8.92114e-06 
623 502.299 3904.83 8.01828e-06 
624 503.373 3903.76 7.30489e-06 
625 504.446 3902.68 8.00419e-06 
626 505.518 3901.61 8.36136e-06 
627 506.59 3900.54 8.33551e-06 
628 507.662 3899.47 8.88761e-06 
629 508.734 3898.39 1.02758e-05 
630 509.806 3897.32 9.97417e-06 
631 510.877 3896.25 9.32935e-06 
632 511.947 3895.18 9.54053e-06 
633 513.018 3894.11 8.32521e-06 
634 514.088 3893.04 9.5446e-06 
635 515.158 3891.97 9.54763e-06 
636 516.227 3890.9 9.59198e-06 
637 517.297 3889.83 1.01954e-05 
638 518.366 3888.76 9.34367e-06 
639 519.434 3887.69 1.05308e-05 
640 520.502 3886.63 1.19113e-05 
641 521.57 3885.56 1.26874e-05 
642 522.638 3884.49 1.23424e-05 
643 523.705 3883.42 1.24757e-05 
644 524.772 3882.36 1.21646e-05 
645 525.839 3881.29 1.16703e-05 
646 526.906 3880.22 1.18068e-05 
647 527.972 3879.16 1.14628e-05 
648 529.037 3878.09 1.20922e-05 
649 530.103 3877.03 1.10788e-05 
650 531.168 3875.96 1.16798e-05 
651 532.233 3874.9 1.13463e-05 
652 533.297 3873.83 1.08708e-05 
653 534.361 3872.77 1.21513e-05 
654 535.425 3871.7 1.35276e-05 
655 536.489 3870.64 1.283e-05 
656 537.552 3869.58 1.22321e-05 
657 538.615 3868.51 1.30891e-05 
658 539.678 3867.45 1.25946e-05 
659 540.74 3866.39 1.37285e-05 
660 541.802 3865.33 1.4706e-05 
661 542.863 3864.26 1.56515e-05 
662 543.925 3863.2 1.52705e-05 
663 544.986 3862.14 1.41914e-05 
664 546.046 3861.08 1.43416e-05 
665 547.107 3860.02 1.39528e-05 
666 548.167 3858.96 1.34071e-05 
667 549.226 3857.9 1.41403e-05 
668 550.286 3856.84 1.41191e-05 
669 551.345 3855.78 1.37644e-05 
670 552.403 3854.72 1.3683e-05 
671 553.462 3853.67 1.31626e-05 
672 554.52 3852.61 1.24772e-05 
673 555.577 3851.55 1.27833e-05 
674 556.635 3850.49 1.33531e-05 
675 557.692 3849.44 1.36077e-05 
676 558.749 3848.38 1.36472e-05 
677 559.805 3847.32 1.16395e-05 
678 560.861 3846.27 1.20367e-05 
679 561.917 3845.21 1.15757e-05 
680 562.972 3844.16 1.06385e-05 
681 564.027 3843.1 1.05585e-05 
682 565.082 3842.05 8.7693e-06 
683 566.137 3840.99 9.18217e-06 
684 567.191 3839.94 8.55797e-06 
685 568.245 3838.88 9.51141e-06 
686 569.298 3837.83 8.77283e-06 
687 570.351 3836.78 9.39974e-06 
688 571.404 3835.72 1.10201e-05 
689 572.457 3834.67 1.08494e-05 
690 573.509 3833.62 1.06805e-05 
691 574.561 3832.57 1.24752e-05 
692 575.612 3831.52 1.46568e-05 
693 576.663 3830.46 1.32249e-05 
694 577.714 3829.41 1.24964e-05 
695 578.765 3828.36 1.30089e-05 
696 579.815 3827.31 1.25204e-05 
697 580.865 3826.26 1.20822e-05 
698 581.915 3825.21 1.17096e-05 
699 582.964 3824.16 1.18598e-05 
700 584.013 3823.12 1.22818e-05 
701 585.061 3822.07 1.13468e-05 
702 586.11 3821.02 1.25304e-05 
703 587.158 3819.97 1.18915e-05 
704 588.205 3818.92 1.22248e-05 
705 589.253 3817.88 1.29546e-05 
706 590.3 3816.83 1.27368e-05 
707 591.346 3815.78 1.36043e-05 
708 592.393 3814.74 1.26388e-05 
709 593.439 3813.69 1.25499e-05 
710 594.484 3812.64 1.14919e-05 
711 595.53 3811.6 1.17068e-05 
712 596.575 3810.55 1.31542e-05 
713 597.62 3809.51 1.17461e-05 
714 598.664 3808.46 1.25294e-05 
715 599.708 3807.42 1.25811e-05 
716 600.752 3806.38 1.26626e-05 
717 601.796 3805.33 1.41113e-05 
718 602.839 3804.29 1.41144e-05 
719 603.881 3803.25 1.491e-05 
720 604.924 3802.2 1.58277e-05 
721 605.966 3801.16 1.66354e-05 
722 607.008 3800.12 1.59999e-05 
723 608.05 3799.08 1.56136e-05 
724 609.091 3798.04 1.65464e-05 
725 610.132 3797 1.62401e-05 
726 611.172 3795.96 1.40541e-05 
727 612.213 3794.92 1.41853e-05 
728 613.253 3793.88 1.37044e-05 
729 614.292 3792.84 1.45218e-05 
730 615.332 3791.8 1.5232e-05 
731 616.371 3790.76 1.58517e-05 
732 617.41 3789.72 1.61478e-05 
733 618.448 3788.68 1.69333e-05 
734 619.486 3787.64 1.56859e-05 
735 620.524 3786.6 1.53628e-05 
736 621.561 3785.57 1.51599e-05 
737 622.599 3784.53 1.60273e-05 
738 623.635 3783.49 1.69212e-05 
739 624.672 3782.46 1.63382e-05 
740 625.708 3781.42 1.63541e-05 
741 626.744 3780.38 1.60422e-05 
742 627.78 3779.35 1.59612e-05 
743 628.815 3778.31 1.57088e-05 
744 629.85 3777.28 1.45611e-05 
745 630.885 3776.24 1.38513e-05 
746 631.919 3775.21 1.49815e-05 
747 632.954 3774.17 1.55739e-05 
748 633.987 3773.14 1.58203e-05 
749 635.021 3772.11 1.64683e-05 
750 636.054 3771.07 1.63735e-05 
751 637.087 3770.04 1.63371e-05 
752 638.12 3769.01 1.59421e-05 
753 639.152 3767.98 1.71546e-05 
754 640.184 3766.94 1.85926e-05 
755 641.216 3765.91 1.97235e-05 
756 642.247 3764.88 2.07386e-05 
757 643.278 3763.85 2.05327e-05 
758 644.309 3762.82 2.03471e-05 
759 645.339 3761.79 2.04784e-05 
760 646.37 3760.76 2.02318e-05 
761 647.399 3759.73 2.04992e-05 
762 648.429 3758.7 2.04457e-05 
763 649.458 3757.67 1.91289e-05 
764 650.487 3756.64 1.83375e-05 
765 651.516 3755.61 1.77491e-05 
766 652.545 3754.58 1.75247e-05 
767 653.573 3753.56 1.60767e-05 
768 654.601 3752.53 1.54922e-05 
769 655.628 3751.5 1.37133e-05 
770 656.655 3750.47 1.22939e-05 
771 657.682 3749.45 1.42062e-05 
772 658.709 3748.42 1.33625e-05 
773 659.736 3747.39 1.27258e-05 
774 660.762 3746.37 1.21763e-05 
775 661.788 3745.34 1.16221e-05 
776 662.813 3744.32 1.14216e-05 
777 663.838 3743.29 9.93302e-06 
778 664.863 3742.27 8.81415e-06 
779 665.888 3741.24 8.83616e-06 
780 666.912 3740.22 9.35886e-06 
781 667.937 3739.19 8.57387e-06 
782 668.96 3738.17 8.6287e-06 
783 669.984 3737.14 7.94581e-06 
784 671.007 3736.12 8.35292e-06 
785 672.03 3735.1 8.45885e-06 
786 673.053 3734.08 9.01648e-06 
787 674.075 3733.05 1.09114e-05 
788 675.098 3732.03 1.08818e-05 
789 676.119 3731.01 1.00757e-05 
790 677.141 3729.99 8.76805e-06 
791 678.162 3728.97 7.20425e-06 
792 679.183 3727.94 6.53823e-06 
793 680.204 3726.92 7.1011e-06 
794 681.225 3725.9 6.58201e-06 
795 682.245 3724.88 4.8551e-06 
796 683.265 3723.86 5.86582e-06 
797 684.285 3722.84 6.02042e-06 
798 685.304 3721.82 6.51588e-06 
799 686.323 3720.81 6.34661e-06 
800 687.342 3719.79 6.87549e-06 
801 688.361 3718.77 5.87187e-06 
802 689.379 3717.75 6.46163e-06 
803 690.397 3716.73 6.96932e-06 
804 691.415 3715.71 6.62287e-06 
805 692.432 3714.7 6.78247e-06 
806 693.45 3713.68 6.43719e-06 
807 694.467 3712.66 7.08702e-06 
808 695.484 3711.64 7.71438e-06 
809 696.5 3710.63 7.40984e-06 
810 697.516 3709.61 8.56852e-06 
811 698.532 3708.6 9.15118e-06 
812 699.548 3707.58 1.01187e-05 
813 700.563 3706.56 1.07319e-05 
814 701.579 3705.55 1.10443e-05 
815 702.593 3704.53 1.17567e-05 
816 703.608 3703.52 1.17531e-05 
817 704.623 3702.51 1.18597e-05 
818 705.637 3701.49 1.06851e-05 
819 706.651 3700.48 1.04808e-05 
820 707.664 3699.46 1.04646e-05 
821 708.678 3698.45 1.03255e-05 
822 709.691 3697.44 9.67784e-06 
823 710.704 3696.42 9.59146e-06 
824 711.716 3695.41 8.80088e-06 
825 712.729 3694.4 8.51753e-06 
826 713.741 3693.39 9.33278e-06 
827 714.753 3692.38 8.67993e-06 
828 715.764 3691.36 8.44779e-06 
829 716.776 3690.35 7.02729e-06 
830 717.787 3689.34 6.1614e-06 
831 718.798 3688.33 5.24195e-06 
832 719.808 3687.32 4.09666e-06 
833 720.819 3686.31 4.00306e-06 
834 721.829 3685.3 4.3381e-06 
835 722.839 3684.29 4.33484e-06 
836 723.848 3683.28 5.73555e-06 
837 724.858 3682.27 7.02776e-06 
838 725.867 3681.26 7.72323e-06 
839 726.876 3680.25 8.38493e-06 
840 727.884 3679.24 7.628e-06 
841 728.893 3678.24 8.08039e-06 
842 729.901 3677.23 7.80262e-06 
843 730.909 3676.22 7.58446e-06 
844 731.917 3675.21 7.87643e-06 
845 732.924 3674.2 9.80729e-06 
846 733.931 3673.2 1.0361e-05 
847 734.939 3672.19 1.08643e-05 
848 735.945 3671.18 1.14273e-05 
849 736.952 3670.18 1.05912e-05 
850 737.958 3669.17 1.3463e-05 
851 738.964 3668.16 1.33989e-05 
852 739.97 3667.16 1.43349e-05 
853 740.976 3666.15 1.39026e-05 
854 741.981 3665.15 1.33323e-05 
855 742.986 3664.14 1.31291e-05 
856 743.991 3663.14 1.29256e-05 
857 744.996 3662.13 1.34027e-05 
858 746 3661.13 1.39514e-05 
859 747.004 3660.12 1.36844e-05 
860 748.008 3659.12 1.31775e-05 
861 749.012 3658.12 1.35435e-05 
862 750.016 3657.11 1.37119e-05 
863 751.019 3656.11 1.34478e-05 
864 752.022 3655.11 1.16571e-05 
865 753.025 3654.1 1.24655e-05 
866 754.028 3653.1 1.26609e-05 
867 755.03 3652.1 1.17226e-05 
868 756.032 3651.1 1.09395e-05 
869 757.034 3650.09 1.03419e-05 
870 758.036 3649.09 1.06967e-05 
871 759.038 3648.09 1.06785e-05 
872 760.039 3647.09 9.39565e-06 
873 761.04 3646.09 9.67807e-06 
874 762.041 3645.09 9.21101e-06 
875 763.042 3644.09 7.94302e-06 
876 764.042 3643.09 7.56211e-06 
877 765.042 3642.09 8.22754e-06 
878 766.042 3641.09 9.23546e-06 
879 767.042 3640.09 8.85851e-06 
880 768.042 3639.09 7.17258e-06 
881 769.041 3638.09 6.59213e-06 
882 770.04 3637.09 6.24754e-06 
883 771.039 3636.09 5.90831e-06 
884 772.038 3635.09 7.60471e-06 
885 773.037 3634.09 9.84129e-06 
886 774.035 3633.09 8.82754e-06 
887 775.033 3632.1 8.72998e-06 
888 776.031 3631.1 9.42522e-06 
889 777.029 3630.1 1.18788e-05 
890 778.026 3629.1 1.23517e-05 
891 779.023 3628.1 1.20439e-05 
892 780.02 3627.11 1.03049e-05 
893 781.017 3626.11 1.04283e-05 
894 782.014 3625.11 1.0574e-05 
895 783.01 3624.12 1.12639e-05 
896 784.007 3623.12 1.1083e-05 
897 785.003 3622.13 1.09908e-05 
898 785.999 3621.13 1.15884e-05 
899 786.994 3620.13 1.2483e-05 
900 787.99 3619.14 1.23444e-05 
901 788.985 3618.14 1.38371e-05 
902 789.98 3617.15 1.34553e-05 
903 790.975 3616.15 1.46776e-05 
904 791.969 3615.16 1.27072e-05 
905 792.964 3614.16 1.14699e-05 
906 793.958 3613.17 1.0825e-05 
907 794.952 3612.18 1.08867e-05 
908 795.946 3611.18 1.0768e-05 
909 796.94 3610.19 1.1394e-05 
910 797.933 3609.2 9.80194e-06 
911 798.926 3608.2 1.15111e-05 
912 799.919 3607.21 1.29996e-05 
913 800.912 3606.22 1.43189e-05 
914 801.905 3605.22 1.31216e-05 
915 802.897 3604.23 1.50818e-05 
916 803.89 3603.24 1.50921e-05 
917 804.882 3602.25 1.40558e-05 
918 805.874 3601.25 1.66884e-05 
919 806.865 3600.26 1.7046e-05 
920 807.857 3599.27 1.54357e-05 
921 808.848 3598.28 1.56478e-05 
922 809.839 3597.29 1.3974e-05 
923 810.83 3596.3 1.48555e-05 
924 811.821 3595.31 1.52006e-05 
925 812.812 3594.32 1.56714e-05 
926 813.802 3593.33 1.4273e-05 
927 814.792 3592.34 1.39512e-05 
928 815.782 3591.35 1.35405e-05 
929 816.772 3590.36 1.55221e-05 
930 817.762 3589.37 1.76167e-05 
931 818.751 3588.38 1.86434e-05 
932 819.74 3587.39 1.79778e-05 
933 820.729 3586.4 1.86081e-05 
934 821.718 3585.41 1.77436e-05 
935 822.707 3584.42 1.93967e-05 
936 823.696 3583.43 2.07312e-05 
937 824.684 3582.44 1.98917e-05 
938 825.672 3581.46 2.06516e-05 
939 826.66 3580.47 2.15659e-05 
940 827.648 3579.48 2.22474e-05 
941 828.635 3578.49 2.17764e-05 
942 829.623 3577.51 1.99242e-05 
943 830.61 3576.52 1.84495e-05 
944 831.597 3575.53 1.83377e-05 
945 832.584 3574.54 1.70185e-05 
946 833.571 3573.56 1.62604e-05 
947 834.557 3572.57 1.6768e-05 
948 835.544 3571.58 1.50406e-05 
949 836.53 3570.6 1.53773e-05 
950 837.516 3569.61 1.63009e-05 
951 838.502 3568.63 1.61924e-05 
952 839.487 3567.64 1.44124e-05 
953 840.473 3566.66 1.56031e-05 
954 841.458 3565.67 1.63079e-05 
955 842.443 3564.69 1.64534e-05 
956 843.428 3563.7 1.72441e-05 
957 844.413 3562.72 1.91065e-05 
958 845.398 3561.73 1.9612e-05 
959 846.382 3560.75 2.03017e-05 
960 847.366 3559.76 1.93573e-05 
961 848.35 3558.78 1.81356e-05 
962 849.334 3557.79 1.69771e-05 
963 850.318 3556.81 1.66562e-05 
964 851.301 3555.83 1.5544e-05 
965 852.285 3554.84 1.69598e-05 
966 853.268 3553.86 1.65633e-05 
967 854.251 3552.88 1.54448e-05 
968 855.234 3551.89 1.57647e-05 
969 856.217 3550.91 1.59151e-05 
970 857.199 3549.93 1.72674e-05 
971 858.182 3548.95 1.67536e-05 
972 859.164 3547.96 1.79396e-05 
973 860.146 3546.98 1.76725e-05 
974 861.128 3546 1.79783e-05 
975 862.11 3545.02 1.8867e-05 
976 863.091 3544.04 1.93201e-05 
977 864.072 3543.06 1.88663e-05 
978 865.054 3542.07 1.81231e-05 
979 866.035 3541.09 1.71214e-05 
980 867.016 3540.11 1.67401e-05 
981 867.996 3539.13 1.81459e-05 
982 868.977 3538.15 1.76728e-05 
983 869.957 3537.17 1.90451e-05 
984 870.937 3536.19 1.84723e-05 
985 871.918 3535.21 1.82851e-05 
986 872.897 3534.23 1.98828e-05 
987 873.877 3533.25 2.13166e-05 
988 874.857 3532.27 2.18651e-05 
989 875.836 3531.29 2.0049e-05 
990 876.815 3530.31 1.71908e-05 
991 877.794 3529.33 1.62409e-05 
992 878.773 3528.35 1.52499e-05 
993 879.752 3527.38 1.51233e-05 
994 880.731 3526.4 1.49189e-05 
995 881.709 3525.42 1.27959e-05 
996 882.687 3524.44 1.30227e-05 
997 883.666 3523.46 1.28471e-05 
998 884.644 3522.48 9.84361e-06 
999 885.621 3521.51 1.13351e-05 
