0 0.00241774 13172.1 -1.87627e-09 
1 0.00967097 13172.1 1.81087e-09 
2 0.0217597 13172.1 6.34221e-09 
3 0.0386841 13172.1 9.60568e-09 
4 0.060444 13172.1 2.01896e-08 
5 0.0870396 13172 1.53964e-08 
6 0.118471 13172 1.22673e-08 
7 0.154738 13172 -1.27558e-08 
8 0.19584 13171.9 1.21267e-08 
9 0.241779 13171.9 3.65009e-10 
10 0.292553 13171.8 2.14317e-08 
11 0.348163 13171.8 1.48142e-08 
12 0.408609 13171.7 3.33112e-08 
13 0.473891 13171.6 7.36423e-08 
14 0.544008 13171.6 1.1149e-07 
15 0.618962 13171.5 1.13482e-07 
16 0.698751 13171.4 7.33435e-08 
17 0.783376 13171.3 3.98379e-08 
18 0.872838 13171.2 1.39218e-08 
19 0.967135 13171.2 3.43022e-09 
20 1.06627 13171.1 -3.31086e-08 
21 1.17024 13171 8.09511e-08 
22 1.27904 13170.8 5.52085e-08 
23 1.39268 13170.7 2.70498e-08 
24 1.51116 13170.6 -1.31462e-08 
25 1.63447 13170.5 2.33957e-08 
26 1.76262 13170.4 -1.11438e-08 
27 1.8956 13170.2 -8.11455e-08 
28 2.03342 13170.1 -1.43738e-07 
29 2.17608 13169.9 -2.51872e-07 
30 2.32346 13169.8 -2.02719e-07 
31 2.47503 13169.6 -1.99523e-07 
32 2.63054 13169.5 -2.18619e-07 
33 2.79022 13169.3 -2.59696e-07 
34 2.95413 13169.2 -2.50148e-07 
35 3.12229 13169 -2.15516e-07 
36 3.29468 13168.8 -1.62741e-07 
37 3.47147 13168.6 -2.62365e-07 
38 3.65256 13168.5 -3.65373e-07 
39 3.8378 13168.3 -3.88378e-07 
40 4.02685 13168.1 -4.44639e-07 
41 4.21963 13167.9 -5.53321e-07 
42 4.41635 13167.7 -4.61148e-07 
43 4.61708 13167.5 -3.69344e-07 
44 4.82201 13167.3 -4.89006e-07 
45 5.03114 13167.1 -4.90375e-07 
46 5.24433 13166.9 -4.95007e-07 
47 5.46172 13166.7 -5.27964e-07 
48 5.68334 13166.4 -4.34568e-07 
49 5.90921 13166.2 -5.14499e-07 
50 6.13932 13166 -4.98918e-07 
51 6.37372 13165.7 -5.46132e-07 
52 6.61238 13165.5 -4.89825e-07 
53 6.85519 13165.3 -4.81956e-07 
54 7.10223 13165 -3.51048e-07 
55 7.3536 13164.8 -1.59365e-07 
56 7.60925 13164.5 -7.23302e-08 
57 7.86917 13164.3 -3.38968e-09 
58 8.13346 13164 -1.33586e-08 
59 8.40204 13163.7 -1.23272e-07 
60 8.67489 13163.4 -1.58608e-07 
61 8.95211 13163.2 -1.75971e-08 
62 9.23365 13162.9 -1.33247e-07 
63 9.51947 13162.6 -4.36568e-08 
64 9.80948 13162.3 5.12374e-08 
65 10.1037 13162 7.55883e-08 
66 10.4023 13161.7 -5.06963e-08 
67 10.7051 13161.4 1.14919e-07 
68 11.0123 13161.1 -1.52607e-09 
69 11.3239 13160.8 -5.24856e-08 
70 11.6398 13160.5 -1.82404e-07 
71 11.96 13160.2 -1.73098e-07 
72 12.2845 13159.8 -1.66983e-07 
73 12.6133 13159.5 2.61916e-08 
74 12.9465 13159.2 1.98352e-07 
75 13.284 13158.8 1.74392e-07 
76 13.6258 13158.5 1.65627e-07 
77 13.9721 13158.1 8.64555e-08 
78 14.3226 13157.8 3.49282e-08 
79 14.677 13157.4 1.41196e-07 
80 15.0352 13157.1 9.06302e-08 
81 15.3972 13156.7 -6.68765e-08 
82 15.7632 13156.4 -6.21934e-08 
83 16.1335 13156 1.4401e-07 
84 16.5078 13155.6 7.26754e-08 
85 16.8861 13155.2 1.18435e-07 
86 17.2686 13154.9 1.30124e-07 
87 17.6554 13154.5 1.39461e-07 
88 18.0463 13154.1 3.79725e-07 
89 18.441 13153.7 4.96642e-07 
90 18.8401 13153.3 2.49993e-07 
91 19.2435 13152.9 1.20729e-07 
92 19.6511 13152.5 2.20903e-07 
93 20.0626 13152.1 4.89198e-07 
94 20.4781 13151.6 6.67674e-07 
95 20.8978 13151.2 8.35159e-07 
96 21.3219 13150.8 6.72716e-07 
97 21.7502 13150.4 2.7938e-07 
98 22.1827 13149.9 4.33857e-07 
99 22.6193 13149.5 5.76305e-07 
100 23.0598 13149.1 5.76799e-07 
101 23.5045 13148.6 1.05619e-06 
102 23.9534 13148.2 9.19248e-07 
103 24.4066 13147.7 9.79967e-07 
104 24.864 13147.3 1.03531e-06 
105 25.3257 13146.8 9.36098e-07 
106 25.7916 13146.3 1.1414e-06 
107 26.2618 13145.9 1.07364e-06 
108 26.7361 13145.4 1.18418e-06 
109 27.2143 13144.9 1.23403e-06 
110 27.6968 13144.4 1.04405e-06 
111 28.1835 13143.9 9.17357e-07 
112 28.6745 13143.4 6.95461e-07 
113 29.1697 13143 3.76633e-07 
114 29.6692 13142.5 3.77621e-07 
115 30.1729 13141.9 -8.45039e-08 
116 30.6808 13141.4 -1.5806e-07 
117 31.193 13140.9 -2.91735e-07 
118 31.7094 13140.4 -2.49975e-07 
119 32.23 13139.9 -9.49633e-08 
120 32.7549 13139.4 -1.03178e-07 
121 33.284 13138.8 -3.34813e-08 
122 33.8171 13138.3 -2.82667e-07 
123 34.3543 13137.8 -3.55989e-08 
124 34.8957 13137.2 -2.74745e-08 
125 35.4414 13136.7 -1.54641e-07 
126 35.9913 13136.1 -4.31776e-07 
127 36.5454 13135.6 -6.55291e-07 
128 37.1038 13135 -3.83779e-07 
129 37.6664 13134.5 -6.78126e-07 
130 38.2333 13133.9 -9.81085e-07 
131 38.8044 13133.3 -7.18373e-07 
132 39.3797 13132.7 -3.89799e-07 
133 39.9593 13132.2 -3.35963e-07 
134 40.5431 13131.6 -7.05186e-07 
135 41.1312 13131 -8.38647e-07 
136 41.7235 13130.4 -6.18773e-07 
137 42.32 13129.8 -7.17998e-07 
138 42.9207 13129.2 -7.80259e-07 
139 43.5255 13128.6 -6.83679e-07 
140 44.1346 13128 -8.38093e-07 
141 44.7479 13127.4 -1.00603e-06 
142 45.3655 13126.8 -5.32104e-07 
143 45.9873 13126.1 -2.68811e-07 
144 46.6133 13125.5 -2.97206e-08 
145 47.2435 13124.9 -9.81883e-08 
146 47.8771 13124.2 1.4738e-07 
147 48.5133 13123.6 -4.31728e-07 
148 49.1526 13123 -1.01242e-06 
149 49.7952 13122.3 -9.74778e-07 
150 50.4411 13121.7 -9.31885e-07 
151 51.0907 13121 -6.23933e-07 
152 51.7441 13120.4 -3.84266e-07 
153 52.4003 13119.7 -7.40007e-07 
154 53.0593 13119.1 -8.82198e-07 
155 53.722 13118.4 -1.23507e-06 
156 54.3884 13117.7 -1.55263e-06 
157 55.0581 13117.1 -1.79814e-06 
158 55.7316 13116.4 -2.00226e-06 
159 56.4087 13115.7 -2.53777e-06 
160 57.0896 13115 -2.89552e-06 
161 57.7741 13114.3 -2.84033e-06 
162 58.4624 13113.7 -3.18539e-06 
163 59.1543 13113 -3.21447e-06 
164 59.8499 13112.3 -3.19595e-06 
165 60.5493 13111.6 -3.30021e-06 
166 61.2523 13110.9 -2.76916e-06 
167 61.959 13110.2 -2.68673e-06 
168 62.6695 13109.5 -2.62635e-06 
169 63.3836 13108.7 -2.6438e-06 
170 64.1014 13108 -2.14719e-06 
171 64.8233 13107.3 -1.80642e-06 
172 65.5488 13106.6 -1.73277e-06 
173 66.278 13105.8 -1.46419e-06 
174 67.0113 13105.1 -1.60447e-06 
175 67.7483 13104.4 -2.39459e-06 
176 68.4889 13103.6 -2.72197e-06 
177 69.2336 13102.9 -2.80502e-06 
178 69.982 13102.1 -3.09735e-06 
179 70.7341 13101.4 -3.25773e-06 
180 71.4901 13100.6 -3.64165e-06 
181 72.2499 13099.9 -3.52668e-06 
182 73.0134 13099.1 -3.26156e-06 
183 73.7808 13098.3 -2.8554e-06 
184 74.5523 13097.6 -3.51816e-06 
185 75.3274 13096.8 -3.79676e-06 
186 76.1062 13096 -3.3186e-06 
187 76.8887 13095.2 -3.12947e-06 
188 77.6738 13094.4 -3.19113e-06 
189 78.4615 13093.7 -2.99302e-06 
190 79.2525 13092.9 -2.71888e-06 
191 80.0466 13092.1 -2.84776e-06 
192 80.8439 13091.3 -2.99113e-06 
193 81.6448 13090.5 -2.80446e-06 
194 82.4488 13089.7 -3.02371e-06 
195 83.2557 13088.9 -2.64929e-06 
196 84.0663 13088.1 -2.53458e-06 
197 84.8805 13087.2 -2.81621e-06 
198 85.6977 13086.4 -2.92983e-06 
199 86.5179 13085.6 -2.89377e-06 
200 87.3417 13084.8 -2.00478e-06 
201 88.1691 13084 -2.59971e-06 
202 89.0002 13083.1 -2.76706e-06 
203 89.8348 13082.3 -3.07738e-06 
204 90.6727 13081.4 -3.75991e-06 
205 91.5139 13080.6 -3.82162e-06 
206 92.3585 13079.8 -3.66647e-06 
207 93.2054 13078.9 -2.82773e-06 
208 94.0549 13078.1 -2.82175e-06 
209 94.9077 13077.2 -2.88439e-06 
210 95.7619 13076.4 -2.96622e-06 
211 96.6179 13075.5 -3.64695e-06 
212 97.4769 13074.6 -3.65731e-06 
213 98.3391 13073.8 -3.05365e-06 
214 99.2045 13072.9 -3.1163e-06 
215 100.072 13072 -3.06603e-06 
216 100.943 13071.2 -2.99155e-06 
217 101.817 13070.3 -2.99018e-06 
218 102.693 13069.4 -2.81495e-06 
219 103.572 13068.5 -2.85014e-06 
220 104.454 13067.7 -3.10045e-06 
221 105.34 13066.8 -3.07179e-06 
222 106.229 13065.9 -2.98828e-06 
223 107.12 13065 -2.95578e-06 
224 108.014 13064.1 -2.45456e-06 
225 108.911 13063.2 -1.94525e-06 
226 109.811 13062.3 -2.21837e-06 
227 110.715 13061.4 -2.89203e-06 
228 111.621 13060.5 -2.67735e-06 
229 112.531 13059.6 -2.76274e-06 
230 113.444 13058.7 -2.39693e-06 
231 114.361 13057.8 -2.08587e-06 
232 115.281 13056.8 -1.91136e-06 
233 116.204 13055.9 -1.65387e-06 
234 117.13 13055 -2.03577e-06 
235 118.059 13054.1 -1.97551e-06 
236 118.99 13053.1 -2.35029e-06 
237 119.924 13052.2 -2.25703e-06 
238 120.861 13051.3 -1.97398e-06 
239 121.802 13050.3 -2.0922e-06 
240 122.745 13049.4 -1.98869e-06 
241 123.692 13048.4 -2.52888e-06 
242 124.643 13047.5 -2.44537e-06 
243 125.596 13046.5 -2.54752e-06 
244 126.553 13045.6 -2.83846e-06 
245 127.513 13044.6 -2.47569e-06 
246 128.476 13043.6 -2.24294e-06 
247 129.442 13042.7 -2.5047e-06 
248 130.412 13041.7 -2.54489e-06 
249 131.384 13040.7 -2.94889e-06 
250 132.36 13039.8 -2.96641e-06 
251 133.339 13038.8 -2.4858e-06 
252 134.321 13037.8 -2.34162e-06 
253 135.307 13036.8 -2.38482e-06 
254 136.296 13035.8 -2.26375e-06 
255 137.289 13034.8 -1.88728e-06 
256 138.284 13033.8 -1.02132e-06 
257 139.28 13032.8 -7.46198e-07 
258 140.279 13031.8 -6.51304e-07 
259 141.28 13030.8 -8.81973e-07 
260 142.283 13029.8 -8.02172e-07 
261 143.288 13028.8 -8.43856e-07 
262 144.296 13027.8 -1.04809e-06 
263 145.305 13026.8 -1.75865e-07 
264 146.317 13025.8 -3.40494e-07 
265 147.331 13024.8 -7.42048e-07 
266 148.347 13023.8 -7.93074e-07 
267 149.366 13022.8 -7.82601e-07 
268 150.387 13021.7 1.3719e-08 
269 151.41 13020.7 -2.34338e-08 
270 152.434 13019.7 -5.13378e-07 
271 153.461 13018.7 -6.19333e-08 
272 154.49 13017.6 -1.70989e-07 
273 155.521 13016.6 -1.30627e-06 
274 156.555 13015.6 -9.74889e-07 
275 157.591 13014.5 -9.85848e-07 
276 158.628 13013.5 -7.25796e-07 
277 159.668 13012.5 -1.25419e-06 
278 160.71 13011.4 -9.21799e-07 
279 161.754 13010.4 -9.19789e-07 
280 162.802 13009.3 -6.91135e-07 
281 163.851 13008.3 -1.38843e-07 
282 164.903 13007.2 -2.26552e-07 
283 165.957 13006.2 -9.31178e-08 
284 167.014 13005.1 7.47186e-07 
285 168.073 13004 1.04894e-06 
286 169.135 13003 1.01164e-06 
287 170.199 13001.9 1.16597e-06 
288 171.267 13000.9 1.22847e-06 
289 172.336 12999.8 2.00224e-06 
290 173.408 12998.7 2.72099e-06 
291 174.482 12997.6 2.52667e-06 
292 175.558 12996.6 2.46945e-06 
293 176.637 12995.5 2.10268e-06 
294 177.718 12994.4 2.09818e-06 
295 178.802 12993.3 2.25383e-06 
296 179.89 12992.2 1.93178e-06 
297 180.98 12991.1 1.77628e-06 
298 182.073 12990 1.65958e-06 
299 183.167 12989 1.93032e-06 
300 184.262 12987.9 2.27794e-06 
301 185.358 12986.8 2.11666e-06 
302 186.456 12985.7 1.90248e-06 
303 187.555 12984.6 1.84439e-06 
304 188.655 12983.5 1.48797e-06 
305 189.758 12982.4 1.07205e-06 
306 190.861 12981.3 1.58449e-06 
307 191.966 12980.2 2.23511e-06 
308 193.073 12979 2.29948e-06 
309 194.182 12977.9 1.8068e-06 
310 195.293 12976.8 1.71299e-06 
311 196.404 12975.7 2.11466e-06 
312 197.518 12974.6 1.9777e-06 
313 198.634 12973.5 1.33091e-06 
314 199.753 12972.4 1.54788e-06 
315 200.874 12971.2 1.31326e-06 
316 201.997 12970.1 1.11038e-06 
317 203.122 12969 6.50939e-07 
318 204.25 12967.9 9.7948e-07 
319 205.38 12966.7 7.7051e-07 
320 206.513 12965.6 6.90461e-07 
321 207.648 12964.5 1.07009e-06 
322 208.785 12963.3 1.28513e-06 
323 209.924 12962.2 1.81593e-06 
324 211.065 12961.1 1.48106e-06 
325 212.208 12959.9 1.00706e-06 
326 213.355 12958.8 8.34011e-07 
327 214.504 12957.6 2.59251e-07 
328 215.656 12956.5 1.19103e-07 
329 216.809 12955.3 9.35438e-08 
330 217.965 12954.2 1.98374e-08 
331 219.122 12953 -2.60315e-07 
332 220.282 12951.8 -8.65938e-07 
333 221.443 12950.7 -1.13951e-06 
334 222.605 12949.5 -2.02116e-06 
335 223.77 12948.4 -1.37054e-06 
336 224.937 12947.2 -5.57903e-07 
337 226.106 12946 -5.4768e-07 
338 227.276 12944.8 -2.05043e-07 
339 228.446 12943.7 -7.59121e-07 
340 229.617 12942.5 -4.50619e-07 
341 230.787 12941.3 -7.19007e-07 
342 231.96 12940.2 -8.55258e-07 
343 233.134 12939 -4.73668e-07 
344 234.31 12937.8 -4.93602e-07 
345 235.488 12936.6 -1.45151e-06 
346 236.666 12935.5 -8.40284e-07 
347 237.843 12934.3 -6.11306e-07 
348 239.023 12933.1 -9.08599e-07 
349 240.204 12931.9 -1.14034e-06 
350 241.383 12930.7 -1.52306e-06 
351 242.562 12929.6 -2.39568e-06 
352 243.741 12928.4 -2.47286e-06 
353 244.922 12927.2 -2.57208e-06 
354 246.105 12926 -1.70741e-06 
355 247.288 12924.8 -1.98488e-06 
356 248.471 12923.7 -1.55135e-06 
357 249.654 12922.5 -6.58096e-07 
358 250.839 12921.3 -1.5353e-06 
359 252.025 12920.1 -1.5769e-06 
360 253.213 12918.9 -1.74277e-06 
361 254.401 12917.7 -2.07548e-06 
362 255.593 12916.5 -2.24512e-06 
363 256.787 12915.3 -2.67107e-06 
364 257.983 12914.1 -2.66286e-06 
365 259.178 12912.9 -2.25094e-06 
366 260.373 12911.7 -2.29576e-06 
367 261.569 12910.6 -2.80068e-06 
368 262.766 12909.4 -2.59723e-06 
369 263.964 12908.2 -2.95712e-06 
370 265.164 12907 -2.56809e-06 
371 266.367 12905.8 -3.09563e-06 
372 267.572 12904.5 -3.51322e-06 
373 268.78 12903.3 -4.18248e-06 
374 269.988 12902.1 -2.88522e-06 
375 271.198 12900.9 -3.65301e-06 
376 272.409 12899.7 -3.02531e-06 
377 273.623 12898.5 -3.27539e-06 
378 274.836 12897.3 -2.82928e-06 
379 276.05 12896.1 -2.50731e-06 
380 277.265 12894.9 -2.16908e-06 
381 278.482 12893.6 -2.64414e-06 
382 279.698 12892.4 -2.72626e-06 
383 280.914 12891.2 -3.27305e-06 
384 282.129 12890 -4.8422e-06 
385 283.345 12888.8 -4.64351e-06 
386 284.562 12887.6 -5.41652e-06 
387 285.782 12886.3 -6.07652e-06 
388 287.001 12885.1 -6.17908e-06 
389 288.222 12883.9 -7.68558e-06 
390 289.445 12882.7 -7.06295e-06 
391 290.669 12881.5 -7.94715e-06 
392 291.894 12880.2 -8.2624e-06 
393 293.12 12879 -8.10481e-06 
394 294.347 12877.8 -7.99717e-06 
395 295.575 12876.5 -7.54462e-06 
396 296.803 12875.3 -6.90937e-06 
397 298.032 12874.1 -7.1594e-06 
398 299.262 12872.9 -8.27626e-06 
399 300.493 12871.6 -7.47017e-06 
400 301.725 12870.4 -7.2712e-06 
401 302.958 12869.2 -8.45207e-06 
402 304.192 12867.9 -9.05629e-06 
403 305.427 12866.7 -9.0158e-06 
404 306.661 12865.5 -9.46349e-06 
405 307.896 12864.2 -1.02646e-05 
406 309.132 12863 -9.95193e-06 
407 310.369 12861.8 -1.00733e-05 
408 311.606 12860.5 -1.03837e-05 
409 312.843 12859.3 -1.10421e-05 
410 314.082 12858 -1.08014e-05 
411 315.321 12856.8 -1.0606e-05 
412 316.56 12855.6 -1.06982e-05 
413 317.8 12854.3 -1.11981e-05 
414 319.041 12853.1 -9.99464e-06 
415 320.281 12851.8 -1.00764e-05 
416 321.522 12850.6 -9.79109e-06 
417 322.763 12849.4 -8.88363e-06 
418 324.002 12848.1 -9.46204e-06 
419 325.24 12846.9 -9.63396e-06 
420 326.478 12845.6 -9.90296e-06 
421 327.717 12844.4 -8.99172e-06 
422 328.957 12843.2 -8.70123e-06 
423 330.196 12841.9 -8.39271e-06 
424 331.436 12840.7 -8.06427e-06 
425 332.677 12839.4 -7.06056e-06 
426 333.919 12838.2 -6.36402e-06 
427 335.162 12837 -7.66718e-06 
428 336.407 12835.7 -6.32816e-06 
429 337.653 12834.5 -5.8763e-06 
430 338.9 12833.2 -6.44351e-06 
431 340.147 12832 -4.6477e-06 
432 341.394 12830.7 -4.45671e-06 
433 342.64 12829.5 -4.08482e-06 
434 343.887 12828.2 -3.63485e-06 
435 345.136 12827 -4.36948e-06 
436 346.385 12825.7 -3.86241e-06 
437 347.635 12824.5 -3.99761e-06 
438 348.886 12823.2 -4.84869e-06 
439 350.138 12822 -4.70069e-06 
440 351.392 12820.7 -4.92108e-06 
441 352.646 12819.5 -5.55728e-06 
442 353.899 12818.2 -6.40796e-06 
443 355.154 12817 -6.52528e-06 
444 356.409 12815.7 -6.60695e-06 
445 357.665 12814.5 -5.98802e-06 
446 358.921 12813.2 -7.54802e-06 
447 360.175 12811.9 -7.87011e-06 
448 361.429 12810.7 -8.44263e-06 
449 362.684 12809.4 -7.95802e-06 
450 363.938 12808.2 -7.51053e-06 
451 365.193 12806.9 -8.41364e-06 
452 366.448 12805.7 -8.35763e-06 
453 367.704 12804.4 -8.53367e-06 
454 368.959 12803.2 -9.82924e-06 
455 370.212 12801.9 -9.88029e-06 
456 371.465 12800.7 -9.55217e-06 
457 372.719 12799.4 -9.11163e-06 
458 373.974 12798.1 -9.75612e-06 
459 375.229 12796.9 -9.19005e-06 
460 376.482 12795.6 -7.85654e-06 
461 377.734 12794.4 -8.06986e-06 
462 378.988 12793.1 -8.38482e-06 
463 380.243 12791.9 -6.98718e-06 
464 381.5 12790.6 -6.061e-06 
465 382.758 12789.4 -4.69404e-06 
466 384.018 12788.1 -5.20491e-06 
467 385.279 12786.8 -6.62624e-06 
468 386.539 12785.6 -7.73865e-06 
469 387.798 12784.3 -7.25291e-06 
470 389.058 12783.1 -8.86049e-06 
471 390.319 12781.8 -7.42975e-06 
472 391.581 12780.5 -9.06122e-06 
473 392.845 12779.3 -9.07557e-06 
474 394.11 12778 -8.0739e-06 
475 395.375 12776.7 -7.0945e-06 
476 396.642 12775.5 -6.5819e-06 
477 397.907 12774.2 -6.42697e-06 
478 399.172 12773 -5.41101e-06 
479 400.438 12771.7 -4.52524e-06 
480 401.704 12770.4 -5.13174e-06 
481 402.97 12769.2 -5.3292e-06 
482 404.235 12767.9 -5.16463e-06 
483 405.501 12766.6 -4.46161e-06 
484 406.766 12765.4 -4.37179e-06 
485 408.031 12764.1 -5.43509e-06 
486 409.296 12762.8 -3.82018e-06 
487 410.561 12761.6 -3.24366e-06 
488 411.825 12760.3 -2.79676e-06 
489 413.089 12759 -2.95691e-06 
490 414.353 12757.8 -3.13479e-06 
491 415.615 12756.5 -2.88466e-06 
492 416.879 12755.2 -2.46447e-06 
493 418.144 12754 -2.08274e-06 
494 419.411 12752.7 -2.03059e-06 
495 420.676 12751.4 -5.84025e-07 
496 421.939 12750.2 -1.25517e-06 
497 423.2 12748.9 -2.51504e-07 
498 424.463 12747.7 -3.8603e-07 
499 425.727 12746.4 3.37414e-07 
