0 0.117436 13078.3 -1.07974e-08
1 0.469768 13078 -4.95652e-08
2 1.05705 13077.4 -1.0399e-08
3 1.87933 13076.5 -1.14513e-07
4 2.93665 13075.5 -1.09846e-07
5 4.22906 13074.2 -1.89562e-08
6 5.74926 13072.7 2.55992e-08
7 7.48999 13070.9 1.1389e-07
8 9.4481 13069 1.48183e-08
9 11.6217 13066.8 1.30596e-07
10 14.0151 13064.4 3.05223e-08
11 16.6295 13061.8 3.39756e-08
12 19.4653 13059 1.68893e-08
13 22.523 13055.9 -8.54596e-08
14 25.8029 13052.6 -2.82908e-07
15 29.3049 13049.1 -5.60444e-07
16 33.0256 13045.4 -3.27339e-07
17 36.9618 13041.5 -2.20799e-07
18 41.1152 13037.3 -5.20225e-07
19 45.4866 13032.9 -5.5215e-07
20 50.0732 13028.4 -6.74688e-07
21 54.8647 13023.6 -5.64211e-07
22 59.8563 13018.6 -8.07179e-07
23 65.0515 13013.4 -6.05639e-07
24 70.4521 13008 -6.33643e-07
25 76.0612 13002.4 -9.07227e-07
26 81.8764 12996.5 -5.50484e-07
27 87.8887 12990.5 3.14498e-08
28 94.0961 12984.3 -9.74562e-08
29 100.49 12977.9 5.09582e-07
30 107.064 12971.4 8.1922e-07
31 113.824 12964.6 1.01932e-06
32 120.772 12957.7 7.29306e-07
33 127.911 12950.5 7.07999e-07
34 135.243 12943.2 2.48264e-07
35 142.76 12935.7 -9.94461e-08
36 150.453 12928 1.53047e-07
37 158.314 12920.1 4.85263e-07
38 166.339 12912.1 7.69092e-07
39 174.533 12903.9 1.60809e-06
40 182.902 12895.5 1.35243e-06
41 191.43 12887 2.1604e-06
42 200.111 12878.3 2.68447e-06
43 208.952 12869.5 2.75866e-06
44 217.96 12860.5 3.41221e-06
45 227.135 12851.3 3.9318e-06
46 236.45 12842 3.68375e-06
47 245.88 12832.5 4.41857e-06
48 255.434 12823 5.20102e-06
49 265.128 12813.3 5.48646e-06
50 274.963 12803.5 5.38128e-06
51 284.93 12793.5 4.64759e-06
52 295.026 12783.4 3.70593e-06
53 305.246 12773.2 3.43629e-06
54 315.587 12748.3 5.68493e-05
55 326.045 12766.9 -5.00438e-05
56 336.605 12741.8 3.26247e-06
57 347.27 12731.2 3.4574e-06
58 358.053 12720.4 3.86171e-06
59 368.948 12709.5 3.52359e-06
60 379.934 12698.5 3.7373e-06
61 391.011 12687.4 4.12014e-06
62 402.184 12661.7 9.91251e-06
63 413.447 12679.5 -6.34583e-07
64 424.801 12653.6 4.26095e-06
65 436.25 12642.2 3.70371e-06
66 447.791 12630.6 3.64097e-06
67 459.408 12619 4.56708e-06
68 471.099 12607.3 4.42245e-06
69 482.853 12595.6 3.68469e-06
70 494.67 12583.8 3.5602e-06
71 506.545 12571.9 3.42603e-06
72 518.468 12560 3.82308e-06
73 530.452 12548 4.02228e-06
74 542.505 12535.9 4.37602e-06
75 554.606 12523.8 4.34119e-06
76 566.759 12511.7 5.20825e-06
77 578.972 12499.5 3.67924e-06
78 591.227 12487.2 4.09745e-06
79 603.522 12474.9 6.06659e-06
80 615.868 12462.6 7.42191e-06
81 628.265 12450.2 5.83869e-06
82 640.694 12437.7 6.2857e-06
83 653.138 12425.3 7.89866e-06
84 665.611 12412.8 8.06996e-06
85 678.117 12400.3 9.09311e-06
86 690.654 12387.8 9.42251e-06
87 703.206 12375.2 8.31317e-06
88 715.764 12362.7 9.28778e-06
89 728.324 12350.1 8.15431e-06
90 740.893 12337.5 8.84904e-06
91 753.492 12324.9 9.56436e-06
92 766.108 12312.3 1.11194e-05
93 778.73 12299.7 9.95584e-06
94 791.368 12287.1 1.01431e-05
95 804.018 12274.4 9.82826e-06
96 816.68 12261.8 1.01862e-05
97 829.352 12249.1 9.46053e-06
98 842.03 12236.4 9.43365e-06
99 854.699 12223.7 1.03921e-05
100 867.37 12211.1 8.99466e-06
101 880.053 12198.4 1.10091e-05
102 892.736 12185.7 1.19786e-05
103 905.38 12173.1 1.06341e-05
104 917.992 12160.4 8.12444e-06
105 930.589 12147.8 6.54338e-06
106 943.171 12135.3 4.35766e-06
107 955.748 12122.7 6.97715e-06
108 968.323 12110.1 7.26443e-06
109 980.886 12097.6 4.68886e-06
110 993.432 12085 5.92474e-06
111 1005.97 12072.5 7.01788e-06
112 1018.49 12059.9 7.35947e-06
113 1031.01 12047.4 7.67852e-06
114 1043.51 12034.9 7.81061e-06
115 1056 12022.4 8.16292e-06
116 1068.47 12010 9.03651e-06
117 1080.91 11997.5 1.12154e-05
118 1093.32 11985.1 1.19099e-05
119 1105.69 11972.8 1.13718e-05
120 1118.03 11960.4 1.2756e-05
121 1130.35 11948.1 1.35467e-05
122 1142.64 11935.8 1.51417e-05
123 1154.92 11923.5 1.33982e-05
124 1167.17 11911.3 1.42854e-05
125 1179.41 11899 1.54429e-05
126 1191.63 11886.8 1.51856e-05
127 1203.82 11874.6 1.70938e-05
128 1215.99 11862.5 1.51685e-05
129 1228.14 11850.3 1.5547e-05
130 1240.29 11838.2 1.49934e-05
131 1252.39 11826.1 1.41445e-05
132 1264.43 11814 1.47624e-05
133 1276.44 11802 1.48553e-05
134 1288.43 11790 1.58264e-05
135 1300.4 11778 1.61322e-05
136 1312.36 11766.1 1.56937e-05
137 1324.28 11754.2 1.65265e-05
138 1336.19 11742.3 1.50367e-05
139 1348.08 11730.4 1.7636e-05
140 1359.94 11718.5 1.75906e-05
141 1371.79 11706.7 1.5241e-05
142 1383.62 11694.8 1.39375e-05
143 1395.42 11683 1.32657e-05
144 1407.21 11662.9 -0.000114958
145 1418.97 11667.8 0.000140831
146 1430.67 11647.8 1.15747e-05
147 1442.34 11636.1 1.33583e-05
148 1453.99 11624.5 1.46084e-05
149 1465.62 11612.8 1.59834e-05
150 1477.24 11601.2 1.54781e-05
151 1488.84 11589.6 1.50082e-05
152 1500.4 11578 1.57762e-05
153 1511.96 11566.5 1.66548e-05
154 1523.52 11554.9 1.63435e-05
155 1535.07 11543.4 1.66687e-05
156 1546.61 11531.8 1.73449e-05
157 1558.13 11520.3 1.46883e-05
158 1569.64 11508.8 1.56685e-05
159 1581.14 11497.3 1.5887e-05
160 1592.59 11485.8 1.62373e-05
161 1604.02 11474.4 1.7857e-05
162 1615.43 11463 1.95132e-05
163 1626.83 11451.6 1.86947e-05
164 1638.22 11440.2 2.0416e-05
165 1649.59 11428.9 1.99742e-05
166 1660.94 11417.5 2.06822e-05
167 1672.3 11406.1 2.18274e-05
168 1683.64 11394.8 2.11442e-05
169 1694.99 11383.4 2.00453e-05
170 1706.35 11372.1 1.94121e-05
171 1717.7 11360.7 1.80107e-05
172 1729.07 11349.4 1.70252e-05
173 1740.43 11338 1.80159e-05
174 1751.79 11326.6 1.87403e-05
175 1763.13 11315.3 1.95302e-05
176 1774.45 11304 1.89133e-05
177 1785.75 11292.7 1.74044e-05
178 1797.03 11281.4 1.53608e-05
179 1808.31 11270.1 1.54629e-05
180 1819.6 11258.8 1.71479e-05
181 1830.91 11247.5 1.55444e-05
182 1842.22 11236.2 1.39553e-05
183 1853.52 11224.9 1.22495e-05
184 1864.82 11213.6 9.85037e-06
185 1876.13 11202.3 9.41232e-06
186 1887.47 11191 1.26136e-05
187 1898.8 11179.6 1.20094e-05
188 1910.13 11168.3 1.14143e-05
189 1921.47 11157 1.07225e-05
190 1932.83 11145.6 1.12181e-05
191 1944.19 11134.2 1.23538e-05
192 1955.56 11122.9 1.40251e-05
193 1966.93 11111.5 1.46764e-05
194 1978.32 11100.1 1.44219e-05
195 1989.71 11088.7 1.19782e-05
196 2001.08 11077.4 1.15982e-05
197 2012.47 11066 1.13226e-05
198 2023.86 11054.6 1.06371e-05
199 2035.27 11043.2 1.14457e-05
200 2046.69 11031.8 1.45178e-05
201 2058.14 11020.3 1.53651e-05
202 2069.6 11008.8 1.52617e-05
203 2081.06 10997.4 1.33449e-05
204 2092.53 10985.9 1.44127e-05
205 2104.01 10974.4 1.50305e-05
206 2115.49 10963 1.40205e-05
207 2077.07 10940.5 -19.965
208 2188.36 10951 19.965
209 2149.98 10928.5 1.35388e-05
210 2161.5 10916.9 1.0194e-05
211 2173.05 10905.4 1.04115e-05
212 2184.62 10893.8 1.09791e-05
213 2196.2 10882.2 9.74955e-06
214 2207.78 10870.7 1.10518e-05
215 2219.38 10859.1 1.14683e-05
216 2230.98 10847.5 1.36094e-05
217 2242.58 10835.9 1.10394e-05
218 2254.18 10824.3 1.2411e-05
219 2265.8 10812.6 1.12026e-05
220 2277.43 10801 1.17249e-05
221 2289.08 10789.4 1.1866e-05
222 2300.74 10777.7 1.08087e-05
223 2312.41 10766 8.67131e-06
224 2324.07 10754.4 8.9854e-06
225 2335.76 10742.7 9.41823e-06
226 2347.46 10731 8.21869e-06
227 2359.19 10719.3 7.26385e-06
228 2370.94 10707.5 6.75698e-06
229 2382.72 10695.7 6.57071e-06
230 2394.5 10683.9 4.57652e-06
231 2406.29 10672.1 6.69993e-06
232 2418.1 10660.3 4.88199e-06
233 2429.91 10648.5 5.31436e-06
234 2441.74 10636.7 3.70922e-06
235 2453.57 10624.9 4.33857e-06
236 2465.45 10613 5.08991e-06
237 2477.35 10601.1 2.20817e-06
238 2489.26 10589.2 3.65172e-06
239 2501.16 10577.3 5.81704e-06
240 2513.09 10565.4 7.46874e-06
241 2525.02 10553.4 5.5409e-06
242 2536.96 10541.5 5.64591e-06
243 2548.92 10529.5 4.84451e-06
244 2560.88 10517.6 3.15043e-06
245 2572.85 10505.6 3.32668e-06
246 2584.84 10493.6 5.50947e-06
247 2596.86 10481.6 5.76768e-06
248 2608.88 10469.6 6.05569e-06
249 2620.93 10457.5 2.3169e-06
250 2633 10445.4 5.00726e-06
251 2645.1 10433.3 1.90479e-06
252 2657.16 10421.3 2.73017e-06
253 2669.2 10409.2 1.77394e-06
254 2681.24 10397.2 3.41795e-07
255 2693.31 10385.1 1.78488e-06
256 2705.4 10373 2.94228e-06
257 2717.53 10360.9 1.81887e-06
258 2729.68 10348.8 -4.27687e-06
259 2737.83 10334.1 -2.83582
260 2758.07 10326.9 2.83581
261 2766.25 10312.2 -4.63845e-06
262 2778.47 10300 -3.45032e-06
263 2790.71 10287.7 -1.54204e-06
264 2802.93 10275.5 -6.51926e-07
265 2815.15 10263.3 -3.49688e-06
266 2827.38 10251.1 -6.39865e-06
267 2839.59 10238.8 -8.1663e-06
268 2851.81 10226.6 -9.8329e-06
269 2864.05 10214.4 -9.8832e-06
270 2876.32 10202.1 -1.04543e-05
271 2888.62 10189.8 -8.11648e-06
272 2900.95 10177.5 -1.12124e-05
273 2913.29 10165.2 -1.20758e-05
274 2925.63 10152.8 -1.14751e-05
275 2937.98 10140.5 -9.45874e-06
276 2950.32 10128.1 -9.18028e-06
277 2962.68 10115.8 -1.17403e-05
278 2975.04 10103.4 -1.35708e-05
279 2987.4 10091 -1.41882e-05
280 2999.77 10078.7 -1.29314e-05
281 3012.13 10066.3 -1.14164e-05
282 3024.47 10054 -1.17463e-05
283 3036.8 10041.6 -1.60723e-05
284 3049.13 10029.3 -1.16755e-05
285 3061.45 10017 -1.3636e-05
286 3073.78 10004.7 -1.52769e-05
287 3086.13 9992.31 -1.60914e-05
288 3098.47 9979.97 -1.81668e-05
289 3110.8 9967.63 -1.8599e-05
290 3123.13 9955.31 -1.95806e-05
291 3135.43 9943.01 -1.98022e-05
292 3147.73 9930.71 -1.98656e-05
293 3160.03 9918.41 -1.60467e-05
294 3172.35 9906.09 -1.64136e-05
295 3184.7 9893.73 -1.60891e-05
296 3197.08 9881.36 -1.7833e-05
297 3209.42 9869.02 -1.40104e-05
298 3221.7 9856.74 -1.5399e-05
299 3233.98 9844.46 -1.3845e-05
300 3246.26 9832.17 -1.34637e-05
301 3255.53 9798.48 -2.59927
302 3273.69 9829.18 2.59924
303 3282.93 9795.51 -1.16928e-05
304 3295.17 9783.26 -1.03666e-05
305 3307.48 9770.96 -9.70531e-06
306 3319.8 9758.64 -1.00043e-05
307 3332.09 9746.35 -8.79355e-06
308 3344.34 9734.1 -7.17118e-06
309 3356.61 9721.83 -4.89876e-06
310 3368.87 9709.57 -5.89713e-06
311 3381.12 9697.32 -7.52043e-06
312 3393.4 9685.03 -6.78888e-06
313 3405.75 9672.69 -6.94068e-06
314 3418.09 9660.34 -8.05035e-06
315 3430.4 9648.04 -6.64312e-06
316 3442.67 9635.77 -6.96536e-06
317 3454.93 9623.51 -6.35628e-06
318 3467.15 9611.29 -5.88316e-06
319 3479.34 9599.09 -5.86337e-06
320 3491.52 9586.92 -6.40494e-06
321 3503.68 9574.76 -1.16888e-05
322 3515.86 9562.58 -9.64664e-06
323 3528.06 9550.38 -7.74604e-06
324 3540.25 9538.19 -6.58352e-06
325 3552.4 9526.04 -7.34255e-06
326 3564.54 9513.9 -7.22287e-06
327 3576.71 9501.73 -5.35976e-06
328 3588.91 9489.53 -3.40026e-06
329 3601.14 9477.3 -8.13685e-07
330 3613.37 9465.07 8.2748e-07
331 3625.6 9452.84 -3.52412e-06
332 3637.82 9440.61 -6.45919e-06
333 3650.04 9428.4 -8.33627e-06
334 3662.25 9416.19 -9.73418e-06
335 3674.44 9404 -1.17859e-05
336 3686.6 9391.84 -1.03782e-05
337 3698.73 9379.71 -1.01011e-05
338 3710.82 9367.62 -1.19917e-05
339 3722.88 9355.56 -1.11172e-05
340 3734.93 9343.51 -9.47062e-06
341 3746.97 9331.47 -8.11182e-06
342 3758.98 9319.46 -8.07736e-06
343 3770.97 9307.46 -4.39305e-06
344 3783 9295.44 -6.46804e-06
345 3795.03 9283.41 -4.48246e-06
346 3807.05 9271.39 -3.72622e-06
347 3819.01 9259.43 -6.7167e-06
348 3830.95 9247.49 -6.37677e-06
349 3842.9 9235.54 -2.36137e-06
350 3854.88 9223.56 -3.35276e-06
351 3866.87 9211.57 -2.20258e-07
352 3878.84 9199.59 -2.42516e-06
353 3890.78 9187.66 -2.06754e-06
354 3902.69 9175.75 -6.53323e-07
355 3914.58 9163.86 2.49315e-06
356 3926.42 9152.02 3.61493e-06
357 3938.21 9140.23 3.82587e-06
358 3949.96 9128.47 3.15346e-06
359 3961.44 9104.84 -0.702816
360 3973.62 9116.97 0.702823
361 3984.99 9093.45 9.13854e-06
362 3996.57 9081.87 1.39086e-05
363 4008.11 9070.32 1.14555e-05
364 4019.67 9058.77 5.13624e-06
365 4031.22 9047.22 4.62541e-06
366 4042.76 9035.68 6.98247e-06
367 4054.26 9024.18 7.39587e-06
368 4065.72 9012.72 1.14625e-05
369 4077.17 9001.27 1.24734e-05
370 4088.61 8989.83 8.6932e-06
371 4100 8978.44 6.39213e-06
372 4111.37 8967.07 8.60752e-06
373 4122.74 8955.7 1.13369e-05
374 4134.1 8944.33 1.22181e-05
375 4145.5 8932.94 8.67865e-06
376 4156.87 8921.57 3.60119e-06
377 4168.2 8910.24 2.55136e-06
378 4179.5 8898.94 2.80095e-06
379 4190.77 8887.67 -1.13109e-06
380 4202.02 8876.41 -5.64056e-06
381 4213.33 8865.11 -7.61077e-06
382 4224.66 8853.78 -9.09856e-06
383 4235.99 8842.45 -1.00941e-05
384 4247.33 8831.11 -9.15397e-06
385 4258.62 8819.82 -9.96562e-06
386 4269.85 8808.59 -7.13253e-06
387 4281.08 8797.36 -4.7558e-06
388 4292.31 8786.13 -6.53556e-06
389 4303.55 8774.88 -8.21939e-06
390 4314.77 8763.66 -7.61636e-06
391 4325.99 8752.45 -7.38632e-06
392 4337.22 8741.22 -9.27597e-06
393 4348.44 8730 -1.28252e-05
394 4359.61 8718.83 -1.50343e-05
395 4370.81 8707.63 -1.21742e-05
396 4382.04 8696.4 -1.32984e-05
397 4393.26 8685.18 -1.45417e-05
398 4404.48 8673.96 -1.47792e-05
399 4415.71 8662.73 -1.51442e-05
400 4426.96 8651.48 -1.56602e-05
401 4438.21 8640.23 -1.78693e-05
402 4449.46 8628.98 -1.84351e-05
403 4460.7 8617.74 -2.14437e-05
404 4471.9 8606.54 -1.69966e-05
405 4483.1 8595.34 -1.90204e-05
406 4494.29 8584.15 -1.93662e-05
407 4505.46 8572.97 -1.54218e-05
408 4516.61 8561.83 -1.71373e-05
409 4527.74 8550.7 -1.71021e-05
410 4538.85 8539.59 -1.94367e-05
411 4548.47 8521.22 -1.73101
412 4562.59 8524.59 1.73097
413 4572.21 8506.23 -1.94684e-05
414 4583.35 8495.09 -1.96686e-05
415 4594.46 8483.98 -1.65822e-05
416 4605.54 8472.89 -1.36886e-05
417 4616.63 8461.81 -1.76439e-05
418 4627.68 8450.75 -2.04695e-05
419 4638.72 8439.72 -2.16104e-05
420 4649.77 8428.67 -2.07517e-05
421 4660.84 8417.6 -1.99303e-05
422 4671.94 8406.5 -1.70162e-05
423 4683.03 8395.4 -1.81291e-05
424 4694.1 8384.34 -1.68048e-05
425 4705.15 8373.29 -1.72453e-05
426 4716.18 8362.26 -1.81375e-05
427 4727.2 8351.23 -1.55317e-05
428 4738.23 8340.21 -1.23628e-05
429 4749.23 8329.21 -1.33798e-05
430 4760.2 8318.24 -1.43386e-05
431 4771.17 8307.26 -1.56234e-05
432 4782.13 8296.31 -1.87703e-05
433 4793.06 8285.38 -1.69673e-05
434 4803.98 8274.45 -1.47573e-05
435 4814.91 8263.52 -1.25123e-05
436 4825.82 8252.61 -9.48831e-06
437 4836.73 8241.7 -1.09221e-05
438 4847.63 8230.81 -7.52276e-06
439 4858.5 8219.94 -6.72648e-06
440 4869.36 8209.08 -1.13547e-05
441 4880.23 8198.21 -1.6877e-05
442 4891.08 8187.36 -1.43624e-05
443 4901.88 8176.56 -1.58683e-05
444 4911.43 8160.83 -1.55728
445 4924.61 8160 1.55726
446 4934.1 8144.34 -1.21379e-05
447 4944.74 8133.7 -7.58469e-06
448 4955.32 8123.11 -9.56911e-06
449 4965.86 8112.58 -1.03887e-05
450 4976.36 8102.08 -5.36907e-06
451 4986.69 8084.88 -0.55663
452 4997.47 8087.84 0.556622
453 5007.77 8070.66 -5.58625e-06
454 5018.24 8060.2 -3.27299e-06
455 5028.7 8049.74 -4.51325e-06
456 5039.14 8039.29 -2.71841e-06
457 5049.57 8028.86 2.61614e-06
458 5060.02 8018.42 5.79737e-06
459 5070.46 8007.98 7.28958e-06
460 5080.87 7997.56 4.21179e-06
461 5091.24 7987.19 3.74415e-06
462 5101.57 7976.86 4.3849e-06
463 5111.86 7966.57 7.73161e-06
464 5122.08 7956.35 9.45944e-06
465 5132.24 7946.19 1.20043e-05
466 5142.36 7936.07 1.15102e-05
467 5152.44 7926 9.35188e-06
468 5162.47 7915.97 4.47594e-06
469 5172.45 7905.98 4.29899e-06
470 5182.4 7896.04 -2.95695e-07
471 5192.31 7886.13 1.129e-06
472 5202.2 7876.23 5.20376e-06
473 5212.06 7866.37 -2.4396e-06
474 5221.9 7856.54 -5.16465e-06
475 5231.73 7846.71 -4.58583e-06
476 5241.54 7836.89 -3.52878e-06
477 5251.34 7827.1 -6.88061e-06
478 5261.09 7817.35 -6.00331e-06
479 5270.8 7807.63 -9.69553e-06
480 5280.5 7797.93 -1.04555e-05
481 5290.19 7788.24 -6.48061e-06
482 5299.88 7778.55 -6.59237e-06
483 5309.58 7768.86 -8.41636e-06
484 5319.27 7759.17 -1.55997e-06
485 5328.92 7749.51 -3.78489e-06
486 5338.51 7739.93 -1.54506e-06
487 5348.1 7730.34 -1.60467e-06
488 5357.74 7720.7 2.12155e-06
489 5367.38 7711.06 -1.68476e-06
490 5376.99 7701.45 -6.5323e-06
491 5386.58 7691.85 -5.3728e-06
492 5396.17 7682.27 -3.024e-06
493 5405.78 7672.66 -5.21168e-06
494 5415.42 7663.01 -3.02494e-06
495 5425.09 7653.35 -3.43658e-07
496 5434.76 7643.67 -3.29223e-06
497 5444.43 7634 -4.448e-06
498 5454.05 7624.38 -4.75161e-06
499 5463.67 7614.77 -1.05854e-05
500 5473.32 7605.11 -1.46148e-05
501 5482.97 7595.47 -1.57347e-05
502 5492.53 7585.91 -1.46953e-05
503 5502.05 7576.39 -1.69966e-05
504 5511.53 7566.91 -1.63747e-05
505 5520.93 7557.5 -1.03982e-05
506 5530.31 7548.12 -1.29966e-05
507 5539.72 7538.72 -1.37901e-05
508 5549.14 7529.3 -1.2897e-05
509 5558.54 7519.9 -1.30748e-05
510 5567.91 7510.52 -1.8606e-05
511 5577.3 7501.14 -2.37925e-05
512 5586.7 7491.73 -2.44351e-05
513 5596.11 7482.32 -2.80002e-05
514 5605.51 7472.93 -2.57157e-05
515 5614.9 7463.54 -2.35364e-05
516 5624.3 7454.13 -2.38745e-05
517 5633.74 7444.7 -2.57213e-05
518 5643.16 7435.27 -2.65173e-05
519 5652.59 7425.84 -2.72483e-05
520 5662.03 7416.4 -2.9224e-05
521 5668.61 7398.3 -2.40534
522 5683.89 7406.07 2.40527
523 5690.5 7387.93 -3.49777e-05
524 5699.98 7378.45 -3.19835e-05
525 5709.43 7369 -3.16128e-05
526 5718.86 7359.58 -3.45614e-05
527 5728.27 7350.16 -3.38741e-05
528 5737.67 7340.77 -3.27602e-05
529 5747.05 7331.39 -3.54731e-05
530 5756.43 7322 -3.12906e-05
531 5765.83 7312.61 -3.40827e-05
532 5775.21 7303.22 -3.72604e-05
533 5784.58 7293.86 -3.64818e-05
534 5793.92 7284.52 -3.2248e-05
535 5803.23 7275.21 -3.4384e-05
536 5812.5 7265.93 -3.34303e-05
537 5821.75 7256.69 -3.17313e-05
538 5830.99 7247.44 -3.17916e-05
539 5840.24 7238.2 -2.99308e-05
540 5849.48 7228.96 -3.16333e-05
541 5858.72 7219.71 -2.91895e-05
542 5867.95 7210.48 -3.24044e-05
543 5877.21 7201.22 -3.38946e-05
544 5865.42 7191.28 6.49803
545 5917 7183.17 -6.49809
546 5905.25 7173.18 -3.44943e-05
547 5914.64 7163.8 -3.93484e-05
548 5924.05 7154.39 -4.14774e-05
549 5933.49 7144.95 -4.03635e-05
550 5942.94 7135.5 -4.33307e-05
551 5952.4 7126.03 -3.43164e-05
552 5961.89 7116.54 -3.02885e-05
553 5971.41 7107.03 -3.1041e-05
554 5980.94 7097.49 -2.89641e-05
555 5990.46 7087.97 -3.30526e-05
556 6000 7078.43 -3.03723e-05
557 6009.55 7068.88 -3.07988e-05
558 6019.1 7059.33 -2.94017e-05
559 6028.66 7049.77 -3.19351e-05
560 6038.25 7040.18 -3.1149e-05
561 6047.87 7030.56 -2.85376e-05
562 6057.51 7020.92 -2.98861e-05
563 6067.17 7011.27 -3.26447e-05
564 6076.82 7001.61 -3.22368e-05
565 6086.45 6991.98 -3.21688e-05
566 6096.04 6982.4 -2.50768e-05
567 6105.59 6972.84 -2.61469e-05
568 6115.15 6963.28 -2.88961e-05
569 6124.75 6953.69 -3.37055e-05
570 6134.35 6944.09 -3.23178e-05
571 6143.93 6934.51 -3.27425e-05
572 6153.5 6924.93 -2.77162e-05
573 6163.1 6915.33 -2.97045e-05
574 6172.74 6905.7 -3.22619e-05
575 6182.41 6896.03 -2.96999e-05
576 6192.07 6886.37 -2.82852e-05
577 6201.69 6876.74 -3.27425e-05
578 6211.3 6867.14 -3.06619e-05
579 6220.93 6857.51 -3.54005e-05
580 6230.57 6847.87 -3.62191e-05
581 6240.17 6838.27 -3.15607e-05
582 6249.76 6828.67 -3.13092e-05
583 6259.37 6819.07 -3.27481e-05
584 6269.01 6809.43 -2.77171e-05
585 6278.66 6799.78 -2.81218e-05
586 6288.29 6790.14 -2.89483e-05
587 6297.95 6780.49 -3.41861e-05
588 6307.62 6770.82 -3.55011e-05
589 6317.3 6761.14 -3.30517e-05
590 6326.93 6751.51 -3.12477e-05
591 6336.52 6741.92 -2.9061e-05
592 6346.09 6732.35 -3.00435e-05
593 6355.61 6722.82 -2.84715e-05
594 6365.14 6713.3 -3.24333e-05
595 6374.66 6703.78 -3.62964e-05
596 6384.17 6694.26 -3.45092e-05
597 6393.66 6684.78 -3.81758e-05
598 6403.12 6675.32 -4.09931e-05
599 6412.55 6665.89 -4.27868e-05
600 6421.89 6656.55 -4.53619e-05
601 6431.15 6647.29 -4.81922e-05
602 6440.37 6638.07 -4.35542e-05
603 6449.55 6628.89 -4.32357e-05
604 6458.69 6619.74 -4.27645e-05
605 6467.81 6610.63 -4.5483e-05
606 6476.9 6601.54 -4.24674e-05
607 6485.96 6592.47 -4.41242e-05
608 6494.98 6583.46 -4.42872e-05
609 6503.96 6574.48 -4.18001e-05
610 6512.86 6565.58 -3.96855e-05
611 6521.66 6556.78 -3.71719e-05
612 6530.42 6548.02 -3.755e-05
613 6539.15 6539.28 -3.4783e-05
614 6547.84 6530.6 -3.31867e-05
615 6556.47 6521.97 -3.17735e-05
616 6565.06 6513.38 -3.19057e-05
617 6573.67 6504.77 -3.80268e-05
618 6582.23 6496.21 -3.60925e-05
619 6590.72 6487.72 -3.74452e-05
620 6599.2 6479.24 -4.16515e-05
621 6607.67 6470.76 -4.54597e-05
622 6616.1 6462.34 -4.06317e-05
623 6624.49 6453.95 -3.76254e-05
624 6632.84 6445.6 -3.88618e-05
625 6641.16 6437.28 -3.2139e-05
626 6649.47 6428.97 -3.13446e-05
627 6657.73 6420.71 -3.2085e-05
628 6665.87 6412.57 -3.35318e-05
629 6673.94 6404.5 -3.67439e-05
630 6681.98 6396.46 -3.39311e-05
631 6690 6388.44 -3.2614e-05
632 6697.98 6380.46 -3.89651e-05
633 6705.92 6372.52 -3.8533e-05
634 6713.77 6364.67 -3.63595e-05
635 6721.52 6356.92 -3.56541e-05
636 6729.24 6349.2 -3.03292e-05
637 6736.89 6341.55 -3.2727e-05
638 6744.47 6333.97 -3.6947e-05
639 6751.96 6326.48 -4.29379e-05
640 6759.34 6319.1 -3.86024e-05
641 6766.62 6311.82 -3.66732e-05
642 6773.83 6304.61 -3.72794e-05
643 6780.98 6297.45 -3.8146e-05
644 6788.13 6290.31 -3.80315e-05
645 6795.26 6283.18 -3.84199e-05
646 6802.35 6276.09 -4.14457e-05
647 6809.41 6269.03 -4.23871e-05
648 6816.43 6262.01 -4.28706e-05
649 6823.44 6255 -4.10248e-05
650 6830.41 6248.03 -3.71207e-05
651 6837.37 6241.07 -3.6791e-05
652 6844.31 6234.13 -3.10568e-05
653 6851.19 6227.25 -3.03108e-05
654 6857.99 6220.45 -3.23951e-05
655 6864.71 6213.73 -3.14042e-05
656 6871.37 6207.07 -3.22275e-05
657 6878.02 6200.41 -3.6221e-05
658 6884.7 6193.74 -4.49475e-05
659 6891.35 6187.09 -4.35282e-05
660 6897.97 6180.47 -3.83928e-05
661 6904.55 6173.89 -3.10522e-05
662 6911.07 6167.36 -3.27723e-05
663 6917.55 6160.89 -3.2628e-05
664 6923.97 6154.46 -3.62638e-05
665 6930.36 6148.08 -3.01367e-05
666 6936.71 6141.73 -3.11015e-05
667 6943.02 6135.41 -3.43472e-05
668 6949.32 6129.12 -3.39502e-05
669 6955.59 6122.85 -3.88711e-05
670 6961.78 6116.66 -4.0838e-05
671 6967.95 6110.48 -4.1537e-05
672 6974.16 6104.28 -4.18928e-05
673 6980.35 6098.09 -4.08683e-05
674 6986.53 6091.91 -3.67165e-05
675 6992.71 6085.72 -3.47514e-05
676 6998.86 6079.58 -3.40641e-05
677 7004.98 6073.46 -3.30117e-05
678 7011.07 6067.36 -3.48333e-05
679 7017.13 6061.31 -3.61484e-05
680 7023.11 6055.32 -3.60701e-05
681 7029.05 6049.38 -4.45023e-05
682 7035 6043.44 -4.63165e-05
683 7040.98 6037.46 -4.44967e-05
684 7046.99 6031.44 -3.93456e-05
685 7053.03 6025.41 -3.48166e-05
686 7059.08 6019.36 -3.56529e-05
687 7065.13 6013.31 -4.28362e-05
688 7071.17 6007.27 -4.54257e-05
689 7077.17 6001.27 -4.69387e-05
690 7083.14 5995.3 -4.80149e-05
691 7089.1 5989.33 -5.29445e-05
692 7095.08 5983.35 -5.52021e-05
693 7101.06 5977.37 -5.77108e-05
694 7107.06 5971.37 -5.79907e-05
695 7113.07 5965.37 -5.67585e-05
696 7119.08 5959.36 -5.45918e-05
697 7125.07 5953.37 -5.68088e-05
698 7131.04 5947.4 -5.61103e-05
699 7137.02 5941.41 -5.82635e-05
700 7143.02 5935.42 -6.20596e-05
701 7148.99 5929.44 -6.13369e-05
702 7154.97 5923.47 -5.98449e-05
703 7160.93 5917.5 -5.82989e-05
704 7166.89 5911.55 -5.8e-05
705 7172.82 5905.62 -5.45065e-05
706 7178.7 5899.74 -5.27669e-05
707 7184.51 5893.93 -5.68875e-05
708 7190.29 5888.14 -5.20982e-05
709 7196.08 5882.35 -4.99487e-05
710 7201.86 5876.58 -5.01312e-05
711 7207.62 5870.82 -4.9796e-05
712 7213.39 5865.05 -5.43203e-05
713 7219.18 5859.26 -5.60097e-05
714 7224.91 5853.52 -5.23021e-05
715 7230.59 5847.84 -5.3029e-05
716 7236.29 5842.15 -5.33841e-05
717 7241.97 5836.46 -5.36907e-05
718 7247.65 5830.79 -5.47403e-05
719 7253.33 5825.1 -5.37522e-05
720 7259 5819.43 -4.61135e-05
721 7264.66 5813.78 -3.91379e-05
722 7270.32 5808.12 -3.69148e-05
723 7275.97 5802.46 -4.14555e-05
724 7281.6 5796.84 -4.32776e-05
725 7287.19 5791.24 -4.37927e-05
726 7292.77 5785.66 -4.56669e-05
727 7298.33 5780.1 -4.16501e-05
728 7303.89 5774.55 -4.20692e-05
729 7309.47 5768.96 -4.16208e-05
730 7315.09 5763.35 -4.52287e-05
731 7320.69 5757.74 -4.8372e-05
732 7326.27 5752.16 -4.40562e-05
733 7331.83 5746.61 -4.18019e-05
734 7337.35 5741.09 -4.02825e-05
735 7342.85 5735.59 -3.45353e-05
736 7348.38 5730.05 -3.30914e-05
737 7353.96 5724.48 -3.3021e-05
738 7359.53 5718.9 -2.94838e-05
739 7365.09 5713.35 -2.70791e-05
740 7370.67 5707.77 -2.82926e-05
741 7369.83 5696.28 -3.58784
742 7388.31 5702.45 3.5878
743 7387.47 5690.97 -2.06828e-05
744 7393.08 5685.36 -2.35448e-05
745 7398.72 5679.72 -2.64021e-05
746 7404.35 5674.09 -2.35131e-05
747 7409.99 5668.45 -2.41744e-05
748 7415.66 5662.78 -2.58554e-05
749 7421.33 5657.1 -2.58638e-05
750 7427.02 5651.42 -2.49129e-05
751 7432.68 5645.76 -2.39979e-05
752 7438.32 5640.12 -2.49809e-05
753 7443.96 5634.48 -2.64551e-05
754 7449.62 5628.82 -2.37878e-05
755 7455.27 5623.16 -2.35187e-05
756 7460.94 5617.49 -1.66968e-05
757 7466.66 5611.78 -2.04258e-05
758 7472.38 5606.05 -1.75504e-05
759 7478.1 5600.33 -1.86777e-05
760 7483.85 5594.59 -2.02898e-05
761 7489.59 5588.84 -1.9283e-05
762 7495.31 5583.13 -2.46931e-05
763 7501.02 5577.42 -2.43196e-05
764 7506.7 5571.74 -1.98234e-05
765 7512.39 5566.05 -2.33545e-05
766 7518.09 5560.35 -2.64924e-05
767 7523.78 5554.65 -2.05087e-05
768 7529.5 5548.94 -1.69538e-05
769 7535.23 5543.21 -1.18073e-05
770 7540.98 5537.46 -1.46292e-05
771 7546.74 5531.69 -1.95801e-05
772 7552.5 5525.93 -2.5101e-05
773 7558.24 5520.2 -2.5955e-05
774 7563.95 5514.49 -2.74703e-05
775 7569.65 5508.79 -3.02778e-05
776 7575.34 5503.1 -2.64482e-05
777 7581.01 5497.42 -2.58094e-05
778 7586.6 5491.84 -2.3341e-05
779 7592.1 5486.33 -2.13267e-05
780 7597.61 5480.83 -1.78171e-05
781 7603.1 5475.34 -1.55019e-05
782 7605.91 5462.89 -2.3103
783 7616.73 5471.34 2.31027
784 7619.5 5458.94 -1.36774e-05
785 7624.86 5453.58 -1.32285e-05
786 7630.22 5448.22 -1.78083e-05
787 7635.6 5442.84 -1.79624e-05
788 7641 5437.44 -2.03885e-05
789 7646.42 5432.02 -1.82539e-05
790 7651.87 5426.57 -1.91424e-05
791 7657.36 5421.08 -1.75172e-05
792 7662.87 5415.57 -1.4219e-05
793 7668.35 5410.08 -1.03679e-05
794 7673.81 5404.63 -4.23804e-06
795 7679.24 5399.2 -2.95948e-06
796 7684.61 5393.83 -5.04262e-06
797 7689.93 5388.51 -4.48752e-06
798 7695.2 5383.24 -4.93322e-06
799 7700.45 5377.99 -2.51245e-06
800 7705.71 5372.73 -5.61646e-06
801 7710.95 5367.49 -7.05296e-06
802 7716.15 5362.29 -9.52123e-06
803 7721.33 5357.11 -8.76794e-06
804 7726.48 5351.96 -8.34372e-06
805 7731.63 5346.81 -1.39866e-05
806 7736.81 5341.63 -1.37002e-05
807 7742.01 5336.43 -1.16425e-05
808 7747.18 5331.25 -1.22264e-05
809 7752.35 5326.09 -1.0672e-05
810 7757.49 5320.95 -5.41809e-06
811 7762.6 5315.83 -2.4254e-06
812 7767.74 5310.7 3.41446e-06
813 7772.93 5305.51 -1.99955e-06
814 7778.12 5300.32 -4.29573e-06
815 7783.27 5295.17 -1.4836e-06
816 7788.41 5290.03 -3.89153e-06
817 7793.58 5284.86 -6.75462e-06
818 7798.74 5279.7 -4.76092e-06
819 7803.87 5274.57 -3.7821e-06
820 7808.99 5269.45 -1.23261e-06
821 7814.07 5264.37 -3.36673e-07
822 7819.08 5259.36 1.1269e-07
823 7824.09 5254.34 6.29108e-07
824 7829.09 5249.35 1.19209e-06
825 7834.04 5244.4 -4.2821e-06
826 7838.93 5239.51 -2.64961e-07
827 7843.82 5234.62 -8.57748e-07
828 7848.76 5229.68 -2.6077e-07
829 7853.71 5224.73 -1.24611e-06
830 7858.62 5219.82 -5.56232e-07
831 7863.54 5214.9 -4.67058e-07
832 7868.45 5209.99 -1.00723e-06
833 7873.35 5205.09 -2.96318e-06
834 7878.27 5200.17 -7.00448e-06
835 7883.2 5195.24 -7.11158e-06
836 7888.15 5190.29 -1.61491e-06
837 7893.14 5185.3 2.30316e-06
838 7898.16 5180.28 6.05639e-06
839 7903.14 5175.3 8.09506e-06
840 7908.09 5170.35 1.35629e-05
841 7913.05 5165.39 1.4232e-05
842 7918.03 5160.41 2.01885e-05
843 7923 5155.44 2.02954e-05
844 7928 5150.44 2.28845e-05
845 7933.02 5145.42 2.19913e-05
846 7885.89 5115.5 -15.6002
847 7995.19 5160.3 15.6002
848 7948.01 5130.43 9.99216e-06
849 7952.97 5125.47 6.83218e-06
850 7957.94 5120.5 6.8011e-06
851 7835.34 5107.5 -47.4314
852 8095.56 5118.48 47.4314
853 7972.98 5105.46 5.60842e-06
854 7978.02 5100.42 6.00889e-06
855 7983.03 5095.42 9.17166e-06
856 7988.02 5090.42 1.0944e-05
857 7986.37 5079.92 -3.64362
858 8004.59 5086.01 3.64364
859 8002.84 5075.6 8.10064e-06
860 8007.73 5070.71 9.39518e-06
861 8012.6 5065.84 1.21412e-05
862 8017.45 5060.99 1.16259e-05
863 8022.32 5056.12 5.33089e-06
864 8027.17 5051.27 1.36793e-05
865 8032 5046.44 1.11666e-05
866 8036.82 5041.62 8.74698e-06
867 8034.54 5031.36 -3.76292
868 8053.48 5037.51 3.76291
869 8051.15 5027.3 -6.5947e-06
870 8055.88 5022.57 -7.39796e-06
871 8060.63 5017.81 -1.07531e-05
872 8065.4 5013.04 -9.02708e-06
873 8070.16 5008.28 -3.88455e-06
874 8074.96 5003.48 -8.62405e-07
875 8079.78 4998.66 -4.35952e-06
876 8084.55 4993.89 -2.25008e-06
877 8089.3 4989.15 -3.77884e-06
878 8094.01 4984.44 -3.86592e-06
879 8098.69 4979.76 -1.03693e-05
880 8103.37 4975.07 -1.13398e-05
881 8108.05 4970.4 -6.28456e-06
882 8112.69 4965.76 -1.04606e-05
883 8117.33 4961.12 -1.32248e-05
884 8121.97 4956.48 -1.56183e-05
885 8126.58 4951.86 -1.17961e-05
886 8131.16 4947.28 -8.57282e-06
887 8135.73 4942.71 -9.88552e-06
888 8140.3 4938.14 -8.07131e-06
889 8144.86 4933.58 -8.49459e-06
890 8149.4 4929.04 -1.31242e-05
891 8153.95 4924.49 -9.71556e-06
892 8158.52 4919.92 -6.72415e-06
893 8163.08 4915.36 -9.84222e-06
894 8167.63 4910.81 -3.00767e-06
895 8172.17 4906.27 -2.64216e-06
896 8176.72 4901.72 -1.55158e-06
897 8181.26 4897.18 -1.66707e-06
898 8185.79 4892.65 -8.11182e-06
899 8190.3 4888.15 -1.10399e-05
900 8194.78 4883.67 -5.78444e-06
901 8199.24 4879.2 -5.40563e-06
902 8203.69 4874.76 -9.17399e-06
903 8208.13 4870.31 -7.26478e-06
904 8212.6 4865.85 -7.88178e-06
905 8217.07 4861.37 -9.11672e-06
906 8221.56 4856.88 -1.5812e-05
907 8226.04 4852.4 -1.49421e-05
908 8230.5 4847.94 -1.64937e-05
909 8234.95 4843.49 -1.52001e-05
910 8239.39 4839.05 -1.70157e-05
911 8243.79 4834.65 -1.31542e-05
912 8248.17 4830.28 -1.58632e-05
913 8252.51 4825.93 -1.43545e-05
914 8256.83 4821.61 -1.50846e-05
915 8261.14 4817.31 -1.79918e-05
916 8265.43 4813.01 -1.56113e-05
917 8269.7 4808.75 -1.07819e-05
918 8273.93 4804.51 -1.29046e-05
919 8278.16 4800.29 -1.50739e-05
920 8282.4 4796.05 -1.80412e-05
921 8286.65 4791.8 -1.81904e-05
922 8290.85 4787.59 -1.37177e-05
923 8295.02 4783.42 -1.29801e-05
924 8299.18 4779.26 -1.6788e-05
925 8303.33 4775.11 -1.88928e-05
926 8307.49 4770.95 -1.84667e-05
927 8311.64 4766.8 -1.88153e-05
928 8315.78 4762.66 -2.07899e-05
929 8319.93 4758.51 -1.78581e-05
930 8324.09 4754.36 -2.19103e-05
931 8328.23 4750.22 -1.66427e-05
932 8332.37 4746.07 -1.53296e-05
933 8336.53 4741.91 -1.4795e-05
934 8340.69 4737.75 -1.30273e-05
935 8344.85 4733.6 -1.37724e-05
936 8348.98 4729.46 -1.17049e-05
937 8353.11 4725.33 -1.29817e-05
938 8357.23 4721.21 -1.36415e-05
939 8361.33 4717.11 -1.49802e-05
940 8365.41 4713.03 -1.4361e-05
941 8369.47 4708.97 -1.52127e-05
942 8373.52 4704.92 -1.22227e-05
943 8377.58 4700.87 -1.86935e-05
944 8381.62 4696.82 -1.89617e-05
945 8385.65 4692.79 -1.69674e-05
946 8389.68 4688.77 -1.9257e-05
947 8393.71 4684.74 -1.52627e-05
948 8381.33 4676.7 -8.10408
949 8418.22 4680.64 8.10405
950 8405.84 4672.61 -1.0334e-05
951 8409.86 4668.58 -1.4931e-05
952 8413.87 4664.57 -1.49868e-05
953 8417.87 4660.58 -1.56332e-05
954 8421.83 4656.61 -1.8727e-05
955 8425.75 4652.69 -1.77175e-05
956 8429.65 4648.8 -1.96099e-05
957 8433.53 4644.91 -2.37703e-05
958 8437.4 4641.05 -2.16798e-05
959 8441.24 4637.21 -2.18083e-05
960 8445.08 4633.36 -2.15354e-05
961 8448.91 4629.54 -2.12227e-05
962 8452.71 4625.73 -2.27995e-05
963 8456.53 4621.91 -1.94211e-05
964 8460.36 4618.08 -1.84295e-05
965 8464.2 4614.24 -2.29576e-05
966 8468.05 4610.4 -2.06949e-05
967 8471.89 4606.55 -2.33352e-05
968 8475.71 4602.73 -2.56165e-05
969 8479.5 4598.94 -2.31143e-05
970 8483.26 4595.18 -2.15489e-05
971 8487 4591.44 -2.34395e-05
972 8490.72 4587.73 -1.47671e-05
973 8494.4 4584.04 -1.546e-05
974 8498.02 4580.42 -1.74362e-05
975 8501.6 4576.85 -1.88611e-05
976 8505.14 4573.31 -2.10106e-05
977 8508.67 4569.77 -1.83992e-05
978 8512.18 4566.27 -1.53594e-05
979 8515.65 4562.8 -1.36718e-05
980 8519.09 4559.35 -1.12951e-05
981 8522.52 4555.92 -9.96143e-06
982 8525.93 4552.52 -8.92952e-06
983 8529.29 4549.16 -1.08853e-05
984 8532.6 4545.85 -9.41753e-06
985 8535.89 4542.55 -8.028e-06
986 8539.2 4539.25 -9.07853e-06
987 8542.49 4535.95 -9.41381e-06
988 8545.76 4532.69 -1.00173e-05
989 8549.03 4529.41 -7.53626e-06
990 8552.3 4526.14 -1.11647e-05
991 8555.58 4522.87 -5.86221e-06
992 8558.86 4519.59 -5.47059e-06
993 8562.16 4516.29 -9.08226e-06
994 8565.49 4512.96 -1.37202e-05
995 8568.82 4509.62 -1.14124e-05
996 8572.16 4506.29 -1.41803e-05
997 8575.51 4502.93 -2.0246e-05
998 8547.99 4498.72 7.85819
999 8613.08 4497.11 -7.85823
