0 0.0412591 13246.3 3.22987e-09 
1 0.164988 13246.2 1.76271e-08 
2 0.371013 13246 8.96202e-09 
3 0.658998 13245.7 -6.27782e-09 
4 1.02846 13245.3 -6.20748e-08 
5 1.47874 13244.9 -1.94001e-08 
6 2.00905 13244.3 -2.50841e-08 
7 2.61845 13243.7 -1.15528e-07 
8 3.30583 13243 -1.81579e-07 
9 4.06996 13242.3 -2.78664e-07 
10 4.90948 13241.4 -3.01846e-07 
11 5.82287 13240.5 -3.81934e-07 
12 6.80851 13239.5 -3.72445e-07 
13 7.86465 13238.5 -4.42297e-07 
14 8.98943 13237.4 -2.88965e-07 
15 10.1809 13236.2 -4.82857e-07 
16 11.4369 13234.9 -4.88416e-07 
17 12.7554 13233.6 -5.70721e-07 
18 14.1341 13232.2 -5.50696e-07 
19 15.5707 13230.8 -4.23329e-07 
20 17.0628 13229.3 -6.27951e-07 
21 18.6079 13227.7 -7.07309e-07 
22 20.2036 13226.1 -6.50983e-07 
23 21.8473 13224.5 -7.81177e-07 
24 23.5365 13222.8 -7.11588e-07 
25 25.2687 13221.1 -5.28848e-07 
26 27.0412 13219.3 -2.86864e-07 
27 28.8516 13217.5 -5.04951e-07 
28 30.6973 13215.7 -7.38934e-07 
29 32.5759 13213.8 -9.35416e-07 
30 34.4847 13211.9 -1.20699e-06 
31 36.4214 13209.9 -9.74702e-07 
32 38.3836 13208 -1.29113e-06 
33 40.369 13206 -1.51016e-06 
34 42.3751 13204 -1.87576e-06 
35 44.3999 13201.9 -2.01077e-06 
36 46.4413 13199.9 -2.15889e-06 
37 48.4973 13197.9 -2.34064e-06 
38 50.566 13195.8 -2.5922e-06 
39 52.6456 13193.7 -2.85e-06 
40 54.7343 13191.6 -2.28177e-06 
41 56.8306 13189.5 -2.20767e-06 
42 58.9328 13187.4 -2.3969e-06 
43 61.0395 13185.3 -2.38545e-06 
44 63.1493 13183.2 -2.28033e-06 
45 65.2607 13181.1 -2.48607e-06 
46 67.3727 13179 -2.65736e-06 
47 69.484 13176.9 -3.27945e-06 
48 71.5939 13174.8 -2.89459e-06 
49 73.7015 13172.6 -2.78216e-06 
50 75.806 13170.5 -2.89432e-06 
51 77.9068 13168.4 -3.02861e-06 
52 80.0033 13166.3 -2.6702e-06 
53 82.0949 13164.3 -2.37024e-06 
54 84.1813 13162.2 -2.51017e-06 
55 86.262 13160.1 -3.02573e-06 
56 88.3368 13158 -3.46459e-06 
57 90.4052 13155.9 -3.17157e-06 
58 92.4671 13153.9 -3.57708e-06 
59 94.5222 13151.8 -3.0062e-06 
60 96.5705 13149.8 -3.08829e-06 
61 98.6119 13147.7 -3.4042e-06 
62 100.646 13145.7 -3.92772e-06 
63 102.674 13143.7 -3.94067e-06 
64 104.695 13141.7 -4.51919e-06 
65 106.71 13139.6 -4.77188e-06 
66 108.718 13137.6 -4.80375e-06 
67 110.721 13135.6 -4.23325e-06 
68 112.717 13133.6 -4.15475e-06 
69 114.707 13131.6 -4.82907e-06 
70 116.692 13129.7 -4.88374e-06 
71 118.672 13127.7 -5.19221e-06 
72 120.646 13125.7 -4.37656e-06 
73 122.616 13123.7 -4.09426e-06 
74 124.581 13121.8 -3.29385e-06 
75 126.542 13119.8 -3.23516e-06 
76 128.498 13117.9 -3.34312e-06 
77 130.45 13115.9 -2.88583e-06 
78 132.399 13114 -3.30359e-06 
79 134.344 13112 -3.04275e-06 
80 136.285 13110.1 -3.08742e-06 
81 138.224 13108.1 -4.0754e-06 
82 140.16 13106.2 -4.25184e-06 
83 142.093 13104.3 -4.16626e-06 
84 144.025 13102.3 -4.08774e-06 
85 145.954 13100.4 -3.88447e-06 
86 147.883 13098.5 -3.98388e-06 
87 149.81 13096.5 -4.00774e-06 
88 151.735 13094.6 -3.9322e-06 
89 153.661 13092.7 -4.22742e-06 
90 155.585 13090.8 -4.52621e-06 
91 157.509 13088.8 -4.93036e-06 
92 159.434 13086.9 -5.4825e-06 
93 161.358 13085 -5.88675e-06 
94 163.282 13083.1 -6.3323e-06 
95 165.207 13081.1 -6.47966e-06 
96 167.132 13079.2 -5.97727e-06 
97 169.058 13077.3 -6.04283e-06 
98 170.985 13075.4 -5.72741e-06 
99 172.913 13073.4 -6.11999e-06 
100 174.842 13071.5 -6.03942e-06 
101 176.773 13069.6 -6.23686e-06 
102 178.704 13067.6 -6.18466e-06 
103 180.638 13065.7 -5.86086e-06 
104 182.573 13063.8 -6.79054e-06 
105 184.509 13061.8 -6.97611e-06 
106 186.447 13059.9 -7.56629e-06 
107 188.387 13058 -7.83348e-06 
108 190.328 13056 -7.91841e-06 
109 192.272 13054.1 -6.82138e-06 
110 194.217 13052.1 -6.81219e-06 
111 196.164 13050.2 -6.36991e-06 
112 198.114 13048.2 -5.93078e-06 
113 200.066 13046.3 -7.07611e-06 
114 202.019 13044.3 -7.4029e-06 
115 203.975 13042.4 -8.16087e-06 
116 205.934 13040.4 -8.03179e-06 
117 207.894 13038.5 -7.71646e-06 
118 209.857 13036.5 -7.64947e-06 
119 211.822 13034.5 -7.78173e-06 
120 213.789 13032.6 -8.17787e-06 
121 215.759 13030.6 -8.80302e-06 
122 217.73 13028.6 -9.25909e-06 
123 219.704 13026.6 -9.46269e-06 
124 221.679 13024.7 -9.10577e-06 
125 223.656 13022.7 -8.91388e-06 
126 225.635 13020.7 -9.27049e-06 
127 227.616 13018.7 -9.85411e-06 
128 229.598 13016.8 -9.83313e-06 
129 231.582 13014.8 -1.07377e-05 
130 233.567 13012.8 -9.76614e-06 
131 235.554 13010.8 -1.00638e-05 
132 237.542 13008.8 -1.0139e-05 
133 239.531 13006.8 -9.98792e-06 
134 241.522 13004.8 -9.05817e-06 
135 243.514 13002.8 -9.46403e-06 
136 245.507 13000.8 -9.86596e-06 
137 247.5 12998.9 -1.03576e-05 
138 249.495 12996.9 -1.05258e-05 
139 251.49 12994.9 -1.11446e-05 
140 253.485 12992.9 -1.10841e-05 
141 255.48 12990.9 -1.15602e-05 
142 257.476 12988.9 -1.08878e-05 
143 259.471 12986.9 -1.19306e-05 
144 261.465 12984.9 -1.26292e-05 
145 263.459 12982.9 -1.19059e-05 
146 265.453 12980.9 -1.14497e-05 
147 267.445 12978.9 -1.11642e-05 
148 269.437 12976.9 -1.11535e-05 
149 271.427 12974.9 -1.17371e-05 
150 273.416 12972.9 -1.24874e-05 
151 275.403 12971 -1.20516e-05 
152 277.388 12969 -1.26797e-05 
153 279.37 12967 -1.12302e-05 
154 281.351 12965 -1.08185e-05 
155 283.328 12963 -1.10599e-05 
156 285.303 12961.1 -1.11072e-05 
157 287.274 12959.1 -1.11067e-05 
158 289.242 12957.1 -1.16558e-05 
159 291.206 12955.1 -1.24577e-05 
160 293.166 12953.2 -1.283e-05 
161 295.121 12951.2 -1.29581e-05 
162 297.072 12949.3 -1.18851e-05 
163 299.018 12947.3 -1.17976e-05 
164 300.96 12945.4 -1.23344e-05 
165 302.896 12943.5 -1.23387e-05 
166 304.828 12941.5 -1.17806e-05 
167 306.754 12939.6 -1.13207e-05 
168 308.675 12937.7 -1.1183e-05 
169 310.591 12935.8 -1.0697e-05 
170 312.501 12933.9 -1.08378e-05 
171 314.407 12931.9 -9.46201e-06 
172 316.306 12930 -9.66573e-06 
173 318.2 12928.2 -9.02021e-06 
174 320.089 12926.3 -8.17888e-06 
175 321.973 12924.4 -7.50354e-06 
176 323.851 12922.5 -8.57975e-06 
177 325.724 12920.6 -8.66523e-06 
178 327.592 12918.8 -9.30648e-06 
179 329.456 12916.9 -8.96916e-06 
180 331.316 12915 -1.00371e-05 
181 333.171 12913.2 -1.00821e-05 
182 335.022 12911.3 -1.01996e-05 
183 336.87 12909.5 -1.05366e-05 
184 338.715 12907.6 -9.52813e-06 
185 340.557 12905.8 -9.73934e-06 
186 342.397 12904 -9.8164e-06 
187 344.234 12902.1 -1.01657e-05 
188 346.071 12900.3 -1.11311e-05 
189 347.907 12898.4 -1.06677e-05 
190 349.742 12896.6 -1.12863e-05 
191 351.578 12894.8 -1.12625e-05 
192 353.414 12892.9 -1.21159e-05 
193 355.251 12891.1 -1.24963e-05 
194 357.09 12889.3 -1.30493e-05 
195 358.931 12887.4 -1.31981e-05 
196 360.775 12885.6 -1.31526e-05 
197 362.623 12883.7 -1.33593e-05 
198 364.474 12881.9 -1.35908e-05 
199 366.329 12880 -1.19824e-05 
200 368.19 12878.2 -1.13913e-05 
201 370.055 12876.3 -1.14508e-05 
202 371.926 12874.4 -1.10425e-05 
203 373.804 12872.6 -1.07277e-05 
204 375.688 12870.7 -1.11346e-05 
205 377.58 12868.8 -1.18558e-05 
206 379.478 12866.9 -1.13501e-05 
207 381.385 12865 -1.09459e-05 
208 383.299 12863.1 -1.16398e-05 
209 385.222 12861.1 -1.16753e-05 
210 387.153 12859.2 -1.06964e-05 
211 389.092 12857.3 -1.08614e-05 
212 391.04 12855.3 -1.12745e-05 
213 392.996 12853.4 -1.14652e-05 
214 394.961 12851.4 -1.14378e-05 
215 396.934 12849.4 -1.21738e-05 
216 398.915 12847.4 -1.17902e-05 
217 400.905 12845.4 -1.07769e-05 
218 402.902 12843.5 -1.09552e-05 
219 404.907 12841.4 -1.154e-05 
220 406.918 12839.4 -1.04242e-05 
221 408.936 12837.4 -1.04174e-05 
222 410.96 12835.4 -9.98035e-06 
223 412.99 12833.4 -1.02056e-05 
224 415.023 12831.3 -1.0998e-05 
225 417.061 12829.3 -1.07976e-05 
226 419.101 12827.3 -1.03893e-05 
227 421.144 12825.2 -1.06766e-05 
228 423.188 12823.2 -1.09914e-05 
229 425.233 12821.1 -1.04246e-05 
230 427.277 12819.1 -1.22673e-05 
231 429.321 12817 -1.22965e-05 
232 431.362 12815 -1.26173e-05 
233 433.401 12813 -1.40475e-05 
234 435.436 12810.9 -1.35645e-05 
235 437.466 12808.9 -1.26142e-05 
236 439.492 12806.9 -1.33623e-05 
237 441.511 12804.8 -1.34837e-05 
238 443.524 12802.8 -1.35764e-05 
239 445.529 12800.8 -1.34525e-05 
240 447.527 12798.8 -1.16545e-05 
241 449.515 12796.8 -1.1563e-05 
242 451.495 12794.9 -1.09736e-05 
243 453.464 12792.9 -1.16955e-05 
244 455.424 12790.9 -1.11656e-05 
245 457.374 12789 -1.05678e-05 
246 459.313 12787 -9.91268e-06 
247 461.241 12785.1 -8.19153e-06 
248 463.159 12783.2 -7.39662e-06 
249 465.066 12781.3 -9.01244e-06 
250 466.962 12779.4 -8.27037e-06 
251 468.848 12777.5 -8.10586e-06 
252 470.724 12775.6 -7.99389e-06 
253 472.589 12773.8 -9.19841e-06 
254 474.445 12771.9 -8.33113e-06 
255 476.292 12770.1 -7.12624e-06 
256 478.13 12768.2 -7.82825e-06 
257 479.96 12766.4 -7.79616e-06 
258 481.783 12764.6 -8.33174e-06 
259 483.598 12762.8 -8.64839e-06 
260 485.408 12760.9 -8.41556e-06 
261 487.213 12759.1 -9.13864e-06 
262 489.013 12757.3 -9.33532e-06 
263 490.81 12755.5 -1.00118e-05 
264 492.604 12753.8 -9.87143e-06 
265 494.396 12752 -9.55842e-06 
266 496.187 12750.2 -8.77242e-06 
267 497.978 12748.4 -1.00453e-05 
268 499.771 12746.6 -8.42637e-06 
269 501.565 12744.8 -8.34525e-06 
270 503.362 12743 -9.12064e-06 
271 505.163 12741.2 -8.42289e-06 
272 506.969 12739.4 -8.45305e-06 
273 508.781 12737.6 -8.49061e-06 
274 510.6 12735.8 -8.29564e-06 
275 512.426 12733.9 -8.40546e-06 
276 514.26 12732.1 -8.99864e-06 
277 516.103 12730.3 -9.09004e-06 
278 517.955 12728.4 -9.29628e-06 
279 519.817 12726.5 -9.0919e-06 
280 521.69 12724.7 -1.09125e-05 
281 523.574 12722.8 -1.20305e-05 
282 525.47 12720.9 -1.09665e-05 
283 527.378 12719 -1.30789e-05 
284 529.297 12717.1 -1.27786e-05 
285 531.228 12715.1 -1.37048e-05 
286 533.172 12713.2 -1.41721e-05 
287 535.128 12711.2 -1.39755e-05 
288 537.095 12709.3 -1.54138e-05 
289 539.074 12707.3 -1.48994e-05 
290 541.065 12705.3 -1.48463e-05 
291 543.066 12703.3 -1.49724e-05 
292 545.077 12701.3 -1.55039e-05 
293 547.097 12699.3 -1.57045e-05 
294 549.126 12697.2 -1.42261e-05 
295 551.164 12695.2 -1.38917e-05 
296 553.208 12693.1 -1.43959e-05 
297 555.258 12691.1 -1.50228e-05 
298 557.313 12689 -1.5747e-05 
299 559.373 12687 -1.61074e-05 
300 561.435 12684.9 -1.71811e-05 
301 563.499 12682.9 -1.7404e-05 
302 565.564 12680.8 -1.77762e-05 
303 567.629 12678.7 -1.80146e-05 
304 569.692 12676.7 -1.7734e-05 
305 571.752 12674.6 -1.78107e-05 
306 573.808 12672.5 -1.6809e-05 
307 575.859 12670.5 -1.81012e-05 
308 577.903 12668.5 -1.82467e-05 
309 579.941 12666.4 -1.87997e-05 
310 581.969 12664.4 -1.90477e-05 
311 583.989 12662.4 -1.78755e-05 
312 585.999 12660.4 -1.93906e-05 
313 587.998 12658.4 -2.0302e-05 
314 589.987 12656.4 -2.00198e-05 
315 591.963 12654.4 -1.99292e-05 
316 593.928 12652.4 -2.01757e-05 
317 595.88 12650.5 -2.00225e-05 
318 597.82 12648.5 -1.94763e-05 
319 599.748 12646.6 -1.83815e-05 
320 601.662 12644.7 -1.87123e-05 
321 603.565 12642.8 -1.97885e-05 
322 605.455 12640.9 -1.98384e-05 
323 607.333 12639 -2.05593e-05 
324 609.2 12637.2 -2.01167e-05 
325 611.056 12635.3 -2.108e-05 
326 612.901 12633.5 -2.12432e-05 
327 614.737 12631.6 -2.18933e-05 
328 616.564 12629.8 -2.05002e-05 
329 618.383 12628 -2.09674e-05 
330 620.195 12626.2 -2.02816e-05 
331 622.001 12624.4 -1.98652e-05 
332 623.801 12622.6 -2.00041e-05 
333 625.597 12620.8 -1.97955e-05 
334 627.39 12619 -2.13043e-05 
335 629.18 12617.2 -2.17415e-05 
336 630.97 12615.4 -2.29262e-05 
337 632.76 12613.6 -2.14465e-05 
338 634.552 12611.8 -2.08363e-05 
339 636.346 12610 -2.18206e-05 
340 638.143 12608.2 -2.13555e-05 
341 639.946 12606.4 -2.22636e-05 
342 641.754 12604.6 -2.29302e-05 
343 643.569 12602.8 -2.1954e-05 
344 645.393 12601 -2.25003e-05 
345 647.225 12599.1 -2.13168e-05 
346 649.067 12597.3 -2.23462e-05 
347 650.92 12595.4 -2.13096e-05 
348 652.785 12593.6 -2.06656e-05 
349 654.662 12591.7 -1.95118e-05 
350 656.552 12589.8 -1.99435e-05 
351 658.455 12587.9 -1.97323e-05 
352 660.372 12586 -1.94502e-05 
353 662.304 12584.1 -1.84534e-05 
354 664.25 12582.1 -1.91731e-05 
355 666.211 12580.1 -2.05954e-05 
356 668.186 12578.2 -1.87072e-05 
357 670.177 12576.2 -1.98386e-05 
358 672.182 12574.2 -2.06766e-05 
359 674.201 12572.2 -2.08487e-05 
360 676.235 12570.1 -2.02587e-05 
361 678.282 12568.1 -2.11065e-05 
362 680.342 12566 -1.84725e-05 
363 682.414 12563.9 -1.84804e-05 
364 684.499 12561.9 -1.86322e-05 
365 686.594 12559.8 -1.83405e-05 
366 688.7 12557.7 -1.86068e-05 
367 690.814 12555.5 -1.99138e-05 
368 692.936 12553.4 -1.95452e-05 
369 695.064 12551.3 -1.98368e-05 
370 697.197 12549.2 -2.08717e-05 
371 699.334 12547 -2.23138e-05 
372 701.472 12544.9 -2.2602e-05 
373 703.611 12542.7 -2.27801e-05 
374 705.748 12540.6 -2.22943e-05 
375 707.882 12538.5 -2.28471e-05 
376 710.011 12536.3 -2.35236e-05 
377 712.134 12534.2 -2.28627e-05 
378 714.25 12532.1 -2.20252e-05 
379 716.356 12530 -2.2953e-05 
380 718.452 12527.9 -2.2748e-05 
381 720.537 12525.8 -2.33499e-05 
382 722.61 12523.7 -2.26514e-05 
383 724.669 12521.7 -2.19218e-05 
384 726.714 12519.6 -2.14991e-05 
385 728.744 12517.6 -2.02315e-05 
386 730.759 12515.6 -1.94841e-05 
387 732.756 12513.6 -2.00755e-05 
388 734.737 12511.6 -2.10692e-05 
389 736.7 12509.7 -1.97399e-05 
390 738.645 12507.7 -2.01565e-05 
391 740.573 12505.8 -1.98165e-05 
392 742.482 12503.9 -1.70962e-05 
393 744.374 12502 -1.58576e-05 
394 746.249 12500.1 -1.72626e-05 
395 748.107 12498.2 -1.63731e-05 
396 749.949 12496.4 -1.56929e-05 
397 751.775 12494.6 -1.46434e-05 
398 753.586 12492.8 -1.34117e-05 
399 755.384 12491 -1.45922e-05 
400 757.169 12489.2 -1.38977e-05 
401 758.942 12487.4 -1.28269e-05 
402 760.705 12485.7 -1.34533e-05 
403 762.459 12483.9 -1.18267e-05 
404 764.205 12482.2 -1.35053e-05 
405 765.945 12480.4 -1.3045e-05 
406 767.679 12478.7 -1.23193e-05 
407 769.41 12476.9 -1.27731e-05 
408 771.138 12475.2 -1.53034e-05 
409 772.865 12473.5 -1.5252e-05 
410 774.592 12471.8 -1.50629e-05 
411 776.32 12470 -1.42536e-05 
412 778.051 12468.3 -1.42754e-05 
413 779.787 12466.6 -1.62255e-05 
414 781.527 12464.8 -1.59946e-05 
415 783.273 12463.1 -1.49839e-05 
416 785.028 12461.3 -1.31769e-05 
417 786.79 12459.6 -1.37081e-05 
418 788.563 12457.8 -1.46517e-05 
419 790.346 12456 -1.56605e-05 
420 792.14 12454.2 -1.70627e-05 
421 793.946 12452.4 -1.8745e-05 
422 795.766 12450.6 -1.79864e-05 
423 797.599 12448.8 -1.66062e-05 
424 799.447 12446.9 -1.65264e-05 
425 801.308 12445 -1.94521e-05 
426 803.185 12443.2 -2.09221e-05 
427 805.077 12441.3 -2.08421e-05 
428 806.984 12439.4 -2.12154e-05 
429 808.907 12437.4 -2.17937e-05 
430 810.845 12435.5 -2.15232e-05 
431 812.798 12433.6 -2.08198e-05 
432 814.766 12431.6 -1.98388e-05 
433 816.749 12429.6 -2.01493e-05 
434 818.746 12427.6 -2.05538e-05 
435 820.756 12425.6 -2.00352e-05 
436 822.779 12423.6 -1.96515e-05 
437 824.815 12421.5 -2.01121e-05 
438 826.863 12419.5 -2.00548e-05 
439 828.921 12417.4 -2.09639e-05 
440 830.99 12415.4 -2.21483e-05 
441 833.067 12413.3 -2.29604e-05 
442 835.152 12411.2 -2.42237e-05 
443 837.243 12409.1 -2.43018e-05 
444 839.34 12407 -2.41944e-05 
445 841.441 12404.9 -2.36322e-05 
446 843.544 12402.8 -2.42125e-05 
447 845.648 12400.7 -2.57017e-05 
448 847.752 12398.6 -2.70453e-05 
449 849.854 12396.5 -2.5932e-05 
450 851.953 12394.4 -2.6727e-05 
451 854.048 12392.3 -2.69423e-05 
452 856.136 12390.2 -2.65264e-05 
453 858.218 12388.1 -2.67964e-05 
454 860.291 12386.1 -2.70732e-05 
455 862.355 12384 -2.72397e-05 
456 864.409 12381.9 -2.75695e-05 
457 866.452 12379.9 -2.54455e-05 
458 868.485 12377.9 -2.58186e-05 
459 870.505 12375.9 -2.56226e-05 
460 872.513 12373.8 -2.60177e-05 
461 874.509 12371.8 -2.55393e-05 
462 876.492 12369.9 -2.61203e-05 
463 878.461 12367.9 -2.64561e-05 
464 880.417 12365.9 -2.59267e-05 
465 882.36 12364 -2.59552e-05 
466 884.29 12362.1 -2.59806e-05 
467 886.207 12360.1 -2.62287e-05 
468 888.111 12358.2 -2.65069e-05 
469 890.002 12356.4 -2.56984e-05 
470 891.881 12354.5 -2.41704e-05 
471 893.749 12352.6 -2.2909e-05 
472 895.606 12350.7 -2.22165e-05 
473 897.452 12348.9 -2.12781e-05 
474 899.289 12347.1 -2.20449e-05 
475 901.116 12345.2 -2.30159e-05 
476 902.936 12343.4 -2.35415e-05 
477 904.749 12341.6 -2.29314e-05 
478 906.555 12339.8 -2.13917e-05 
479 908.356 12338 -2.13662e-05 
480 910.154 12336.2 -2.02677e-05 
481 911.948 12334.4 -2.00876e-05 
482 913.74 12332.6 -1.97274e-05 
483 915.531 12330.8 -1.92062e-05 
484 917.323 12329 -1.88734e-05 
485 919.115 12327.2 -1.84741e-05 
486 920.909 12325.4 -1.66329e-05 
487 922.706 12323.6 -1.57393e-05 
488 924.507 12321.8 -1.64759e-05 
489 926.312 12320 -1.54673e-05 
490 928.122 12318.2 -1.38305e-05 
491 929.938 12316.4 -1.38274e-05 
492 931.761 12314.6 -1.40567e-05 
493 933.591 12312.8 -1.29538e-05 
494 935.429 12310.9 -1.35552e-05 
495 937.275 12309.1 -1.23515e-05 
496 939.131 12307.2 -1.26193e-05 
497 940.996 12305.4 -1.00949e-05 
498 942.871 12303.5 -9.71382e-06 
499 944.757 12301.6 -8.49363e-06 
500 946.653 12299.7 -7.92526e-06 
501 948.561 12297.8 -7.31145e-06 
502 950.479 12295.9 -8.21747e-06 
503 952.409 12293.9 -9.55143e-06 
504 954.35 12292 -7.95202e-06 
505 956.302 12290.1 -6.72091e-06 
506 958.266 12288.1 -7.77679e-06 
507 960.24 12286.1 -7.48749e-06 
508 962.225 12284.1 -7.81373e-06 
509 964.221 12282.1 -6.93366e-06 
510 966.226 12280.1 -7.62669e-06 
511 968.242 12278.1 -6.63845e-06 
512 970.266 12276.1 -5.6242e-06 
513 972.298 12274.1 -3.65677e-06 
514 974.339 12272 -4.8559e-06 
515 976.386 12270 -5.57424e-06 
516 978.439 12267.9 -6.86897e-06 
517 980.498 12265.9 -4.94229e-06 
518 982.561 12263.8 -2.31972e-06 
519 984.627 12261.7 -2.61447e-06 
520 986.696 12259.7 -3.11501e-06 
521 988.766 12257.6 -3.01939e-06 
522 990.836 12255.5 -2.44355e-06 
523 992.906 12253.4 -2.69187e-06 
524 994.974 12251.4 -3.47983e-06 
525 997.039 12249.3 -3.56794e-06 
526 999.1 12247.3 -4.85657e-06 
527 1001.16 12245.2 -8.09286e-06 
528 1003.21 12243.1 -7.85626e-06 
529 1005.25 12241.1 -7.71806e-06 
530 1007.29 12239.1 -6.6972e-06 
531 1009.32 12237 -6.43348e-06 
532 1011.35 12235 -5.87751e-06 
533 1013.36 12233 -5.32335e-06 
534 1015.37 12231 -6.0904e-06 
535 1017.36 12229 -4.65367e-06 
536 1019.35 12227 -3.82322e-06 
537 1021.33 12225 -5.18138e-06 
538 1023.29 12223.1 -8.9054e-06 
539 1025.25 12221.1 -1.12786e-05 
540 1027.2 12219.2 -1.12665e-05 
541 1029.14 12217.2 -1.1549e-05 
542 1031.07 12215.3 -1.16065e-05 
543 1032.99 12213.4 -1.29779e-05 
544 1034.91 12211.4 -1.41075e-05 
545 1036.81 12209.5 -1.59658e-05 
546 1038.71 12207.6 -1.44222e-05 
547 1040.6 12205.8 -1.46406e-05 
548 1042.48 12203.9 -1.50742e-05 
549 1044.35 12202 -1.33786e-05 
550 1046.22 12200.1 -1.29844e-05 
551 1048.08 12198.3 -1.26096e-05 
552 1049.94 12196.4 -1.47506e-05 
553 1051.79 12194.6 -1.34174e-05 
554 1053.64 12192.7 -1.29677e-05 
555 1055.49 12190.9 -1.26815e-05 
556 1057.33 12189 -1.2654e-05 
557 1059.16 12187.2 -1.42022e-05 
558 1061 12185.4 -1.44465e-05 
559 1062.84 12183.5 -1.28704e-05 
560 1064.67 12181.7 -1.30602e-05 
561 1066.5 12179.9 -1.45898e-05 
562 1068.33 12178 -1.48096e-05 
563 1070.17 12176.2 -1.38906e-05 
564 1072 12174.4 -1.49525e-05 
565 1073.83 12172.5 -1.46629e-05 
566 1075.67 12170.7 -1.36022e-05 
567 1077.5 12168.9 -1.48456e-05 
568 1079.34 12167 -1.47366e-05 
569 1081.18 12165.2 -1.42765e-05 
570 1083.02 12163.3 -1.60061e-05 
571 1084.87 12161.5 -1.59692e-05 
572 1086.72 12159.6 -1.55994e-05 
573 1088.58 12157.8 -1.39397e-05 
574 1090.44 12155.9 -1.28982e-05 
575 1092.31 12154 -1.11906e-05 
576 1094.18 12152.2 -1.14918e-05 
577 1096.06 12150.3 -1.14232e-05 
578 1097.95 12148.4 -1.1301e-05 
579 1099.84 12146.5 -8.9435e-06 
580 1101.74 12144.6 -8.26501e-06 
581 1103.65 12142.7 -7.77802e-06 
582 1105.56 12140.8 -7.00718e-06 
583 1107.48 12138.9 -4.93402e-06 
584 1109.41 12136.9 -4.24338e-06 
585 1111.34 12135 -6.39978e-06 
586 1113.28 12133.1 -6.62647e-06 
587 1115.23 12131.1 -6.73311e-06 
588 1117.19 12129.2 -7.68208e-06 
589 1119.15 12127.2 -7.96163e-06 
590 1121.11 12125.2 -9.13457e-06 
591 1123.09 12123.3 -8.09158e-06 
592 1125.06 12121.3 -7.31852e-06 
593 1127.05 12119.3 -6.48698e-06 
594 1129.03 12117.3 -6.24466e-06 
595 1131.02 12115.3 -7.02656e-06 
596 1133.01 12113.3 -8.33301e-06 
597 1135.01 12111.3 -7.45489e-06 
598 1137 12109.4 -5.55201e-06 
599 1139 12107.4 -3.25296e-06 
600 1141 12105.4 -1.93069e-06 
601 1142.99 12103.4 -1.67831e-06 
602 1144.99 12101.4 -3.84218e-06 
603 1146.98 12099.4 -2.45619e-06 
604 1148.97 12097.4 -2.7079e-06 
605 1150.96 12095.4 -5.59723e-07 
606 1152.94 12093.4 -1.68409e-06 
607 1154.92 12091.4 -2.81823e-06 
608 1156.9 12089.5 -2.5793e-06 
609 1158.87 12087.5 -1.47894e-07 
610 1160.84 12085.5 9.12477e-07 
611 1162.8 12083.6 1.07631e-06 
612 1164.75 12081.6 2.16897e-06 
613 1166.7 12079.7 2.94088e-06 
614 1168.65 12077.7 2.68666e-06 
615 1170.58 12075.8 1.74291e-06 
616 1172.51 12073.8 1.27508e-06 
617 1174.43 12071.9 2.23197e-07 
618 1176.35 12070 9.76715e-07 
619 1178.26 12068.1 2.03822e-06 
620 1180.16 12066.2 2.20396e-06 
621 1182.06 12064.3 1.86344e-06 
622 1183.95 12062.4 2.84165e-06 
623 1185.84 12060.5 3.42777e-06 
624 1187.72 12058.6 2.89057e-06 
625 1189.6 12056.8 6.80803e-06 
626 1191.47 12054.9 5.89142e-06 
627 1193.34 12053 6.69234e-06 
628 1195.21 12051.1 7.96145e-06 
629 1197.08 12049.3 7.87202e-06 
630 1198.94 12047.4 9.18823e-06 
631 1200.8 12045.6 6.56349e-06 
632 1202.65 12043.7 5.28536e-06 
633 1204.51 12041.8 5.28063e-06 
634 1206.37 12040 5.61223e-06 
635 1208.22 12038.1 5.36857e-06 
636 1210.07 12036.3 5.52291e-06 
637 1211.93 12034.4 7.7421e-06 
638 1213.78 12032.6 7.30189e-06 
639 1215.64 12030.7 8.14819e-06 
640 1217.5 12028.9 7.14966e-06 
641 1219.36 12027 7.76053e-06 
642 1221.22 12025.1 8.64205e-06 
643 1223.09 12023.3 1.021e-05 
644 1224.95 12021.4 1.04681e-05 
645 1226.83 12019.5 1.10942e-05 
646 1228.7 12017.7 1.28313e-05 
647 1230.58 12015.8 1.5056e-05 
648 1232.46 12013.9 1.68828e-05 
649 1234.35 12012 1.50717e-05 
650 1236.24 12010.1 1.48485e-05 
651 1238.13 12008.2 1.22033e-05 
652 1240.03 12006.3 1.23074e-05 
653 1241.93 12004.4 1.31729e-05 
654 1243.84 12002.5 1.32563e-05 
655 1245.75 12000.6 1.31673e-05 
656 1247.67 11998.7 1.40859e-05 
657 1249.59 11996.8 1.27504e-05 
658 1251.51 11994.8 1.20244e-05 
659 1253.44 11992.9 1.19365e-05 
660 1255.37 11991 1.03007e-05 
661 1257.31 11989 1.10609e-05 
662 1259.25 11987.1 1.21268e-05 
663 1261.2 11985.2 1.29185e-05 
664 1263.15 11983.2 1.41844e-05 
665 1265.1 11981.2 1.37188e-05 
666 1267.06 11979.3 1.33271e-05 
667 1269.03 11977.3 1.29683e-05 
668 1270.99 11975.4 1.42318e-05 
669 1272.96 11973.4 1.58984e-05 
670 1274.93 11971.4 1.75016e-05 
671 1276.9 11969.5 1.67027e-05 
672 1278.88 11967.5 1.85623e-05 
673 1280.85 11965.5 1.83544e-05 
674 1282.83 11963.5 2.06166e-05 
675 1284.81 11961.5 2.1853e-05 
676 1286.78 11959.6 1.96701e-05 
677 1288.76 11957.6 1.85727e-05 
678 1290.73 11955.6 1.74435e-05 
679 1292.71 11953.6 1.80056e-05 
680 1294.68 11951.7 1.77512e-05 
681 1296.66 11949.7 1.91995e-05 
682 1298.63 11947.7 1.91852e-05 
683 1300.6 11945.8 1.80735e-05 
684 1302.57 11943.8 1.73235e-05 
685 1304.53 11941.8 1.59608e-05 
686 1306.5 11939.9 1.37054e-05 
687 1308.46 11937.9 1.27126e-05 
688 1310.42 11935.9 1.29572e-05 
689 1312.38 11934 1.12877e-05 
690 1314.34 11932 1.33787e-05 
691 1316.29 11930.1 1.27454e-05 
692 1318.25 11928.1 1.34045e-05 
693 1320.2 11926.2 1.41715e-05 
694 1322.15 11924.2 1.37457e-05 
695 1324.1 11922.3 1.39947e-05 
696 1326.05 11920.3 1.47493e-05 
697 1328 11918.4 1.50245e-05 
698 1329.95 11916.4 1.52037e-05 
699 1331.9 11914.5 1.70674e-05 
700 1333.85 11912.5 1.5059e-05 
701 1335.8 11910.6 1.41569e-05 
702 1337.75 11908.6 1.34693e-05 
703 1339.7 11906.7 1.09441e-05 
704 1341.65 11904.7 1.21445e-05 
705 1343.61 11902.7 1.21366e-05 
706 1345.56 11900.8 1.45611e-05 
707 1347.52 11898.8 1.6935e-05 
708 1349.48 11896.9 1.91013e-05 
709 1351.45 11894.9 1.70097e-05 
710 1353.41 11892.9 1.7114e-05 
711 1355.38 11891 1.65562e-05 
712 1357.35 11889 1.7895e-05 
713 1359.33 11887 1.81072e-05 
714 1361.31 11885 1.68068e-05 
715 1363.29 11883.1 1.83753e-05 
716 1365.27 11881.1 2.03807e-05 
717 1367.26 11879.1 1.6728e-05 
718 1369.25 11877.1 1.6623e-05 
719 1371.25 11875.1 1.71844e-05 
720 1373.24 11873.1 1.72377e-05 
721 1375.24 11871.1 1.87646e-05 
722 1377.24 11869.1 1.91846e-05 
723 1379.25 11867.1 1.81874e-05 
724 1381.26 11865.1 1.76631e-05 
725 1383.27 11863.1 1.54017e-05 
726 1385.28 11861.1 1.47606e-05 
727 1387.3 11859.1 1.44228e-05 
728 1389.32 11857 1.65359e-05 
729 1391.34 11855 2.0967e-05 
730 1393.37 11853 2.24645e-05 
731 1395.4 11851 2.40973e-05 
732 1397.43 11848.9 2.45699e-05 
733 1399.46 11846.9 2.5848e-05 
734 1401.5 11844.9 2.50448e-05 
735 1403.54 11842.8 2.44731e-05 
736 1405.57 11840.8 2.30328e-05 
737 1407.61 11838.7 2.30542e-05 
738 1409.66 11836.7 2.28712e-05 
739 1411.7 11834.7 2.36977e-05 
740 1413.74 11832.6 2.27395e-05 
741 1415.78 11830.6 2.33465e-05 
742 1417.82 11828.5 2.26171e-05 
743 1419.85 11826.5 2.27082e-05 
744 1421.89 11824.5 2.10384e-05 
745 1423.92 11822.4 2.3382e-05 
746 1425.95 11820.4 2.66008e-05 
747 1427.97 11818.4 2.78595e-05 
748 1429.99 11816.4 2.64374e-05 
749 1432.01 11814.3 2.71649e-05 
750 1434.02 11812.3 2.80663e-05 
751 1436.02 11810.3 2.82515e-05 
752 1438.01 11808.3 2.7416e-05 
753 1440 11806.4 2.79485e-05 
754 1441.98 11804.4 2.64038e-05 
755 1443.94 11802.4 2.65728e-05 
756 1445.9 11800.5 2.58536e-05 
757 1447.85 11798.5 2.621e-05 
758 1449.79 11796.6 2.57986e-05 
759 1451.71 11794.6 2.48524e-05 
760 1453.63 11792.7 2.42497e-05 
761 1455.53 11790.8 2.3444e-05 
762 1457.42 11788.9 2.37692e-05 
763 1459.3 11787.1 2.34822e-05 
764 1461.17 11785.2 2.37236e-05 
765 1463.04 11783.3 2.4233e-05 
766 1464.89 11781.5 2.37901e-05 
767 1466.73 11779.6 2.26222e-05 
768 1468.57 11777.8 2.28275e-05 
769 1470.39 11776 2.13566e-05 
770 1472.22 11774.1 2.12299e-05 
771 1474.03 11772.3 2.15655e-05 
772 1475.85 11770.5 2.14567e-05 
773 1477.66 11768.7 1.9558e-05 
774 1479.46 11766.9 1.95975e-05 
775 1481.27 11765.1 2.00445e-05 
776 1483.07 11763.3 2.11734e-05 
777 1484.88 11761.5 2.11646e-05 
778 1486.68 11759.7 2.1873e-05 
779 1488.49 11757.9 2.20867e-05 
780 1490.29 11756.1 2.12645e-05 
781 1492.1 11754.3 2.29957e-05 
782 1493.91 11752.4 2.33102e-05 
783 1495.73 11750.6 2.25625e-05 
784 1497.54 11748.8 2.33339e-05 
785 1499.36 11747 2.37448e-05 
786 1501.18 11745.2 2.32209e-05 
787 1503.01 11743.3 2.31085e-05 
788 1504.84 11741.5 2.16939e-05 
789 1506.67 11739.7 2.2057e-05 
790 1508.51 11737.8 2.16276e-05 
791 1510.36 11736 2.24127e-05 
792 1512.2 11734.1 2.16223e-05 
793 1514.06 11732.3 2.04161e-05 
794 1515.92 11730.4 1.85017e-05 
795 1517.78 11728.6 2.1175e-05 
796 1519.65 11726.7 2.3487e-05 
797 1521.53 11724.8 2.52326e-05 
798 1523.41 11722.9 2.77378e-05 
799 1525.3 11721.1 2.64964e-05 
800 1527.2 11719.2 2.5586e-05 
801 1529.1 11717.3 2.38889e-05 
802 1531.01 11715.3 2.48982e-05 
803 1532.92 11713.4 2.2896e-05 
804 1534.84 11711.5 2.05399e-05 
805 1536.76 11709.6 2.14157e-05 
806 1538.69 11707.7 1.88469e-05 
807 1540.62 11705.7 1.93509e-05 
808 1542.56 11703.8 1.71259e-05 
809 1544.5 11701.9 1.61149e-05 
810 1546.44 11699.9 1.37668e-05 
811 1548.39 11698 1.27486e-05 
812 1550.34 11696 1.13229e-05 
813 1552.29 11694.1 1.16655e-05 
814 1554.24 11692.1 1.29221e-05 
815 1556.19 11690.2 1.31551e-05 
816 1558.15 11688.2 1.4431e-05 
817 1560.1 11686.3 1.41384e-05 
818 1562.05 11684.3 1.39856e-05 
819 1564 11682.4 1.50577e-05 
820 1565.95 11680.4 1.49927e-05 
821 1567.9 11678.5 1.50113e-05 
822 1569.84 11676.5 1.33162e-05 
823 1571.79 11674.6 1.41264e-05 
824 1573.73 11672.6 1.41041e-05 
825 1575.67 11670.7 1.17562e-05 
826 1577.61 11668.7 8.9118e-06 
827 1579.55 11666.8 1.10695e-05 
828 1581.49 11664.9 1.1447e-05 
829 1583.43 11662.9 1.06626e-05 
830 1585.38 11661 1.05096e-05 
831 1587.32 11659 8.06882e-06 
832 1589.27 11657.1 8.44954e-06 
833 1591.21 11655.1 7.76471e-06 
834 1593.16 11653.2 6.62103e-06 
835 1595.12 11651.2 6.70659e-06 
836 1597.07 11649.3 8.4601e-06 
837 1599.03 11647.3 1.02322e-05 
838 1600.99 11645.4 7.98423e-06 
839 1602.95 11643.4 9.80028e-06 
840 1604.91 11641.4 9.95188e-06 
841 1606.88 11639.5 1.4248e-05 
842 1608.84 11637.5 1.23062e-05 
843 1610.81 11635.5 1.24159e-05 
844 1612.78 11633.6 1.49968e-05 
845 1614.75 11631.6 1.3376e-05 
846 1616.71 11629.6 1.47188e-05 
847 1618.68 11627.7 1.54581e-05 
848 1620.64 11625.7 1.62526e-05 
849 1622.61 11623.7 1.29936e-05 
850 1624.57 11621.8 1.20067e-05 
851 1626.53 11619.8 1.24309e-05 
852 1628.48 11617.9 1.10158e-05 
853 1630.43 11615.9 9.52798e-06 
854 1632.38 11614 9.2392e-06 
855 1634.32 11612 1.05424e-05 
856 1636.26 11610.1 1.10027e-05 
857 1638.19 11608.2 1.06817e-05 
858 1640.12 11606.2 8.97393e-06 
859 1642.04 11604.3 1.08971e-05 
860 1643.96 11602.4 9.96686e-06 
861 1645.87 11600.5 9.67769e-06 
862 1647.78 11598.6 9.81947e-06 
863 1649.68 11596.7 9.0825e-06 
864 1651.58 11594.8 7.74948e-06 
865 1653.48 11592.9 7.12874e-06 
866 1655.38 11591 6.10315e-06 
867 1657.27 11589.1 4.40715e-06 
868 1659.17 11587.2 4.16886e-06 
869 1661.06 11585.3 4.40901e-06 
870 1662.96 11583.4 4.69279e-06 
871 1664.86 11581.5 4.05598e-06 
872 1666.76 11579.6 4.70952e-06 
873 1668.67 11577.7 4.8334e-06 
874 1670.58 11575.8 7.8831e-06 
875 1672.5 11573.9 1.03093e-05 
876 1674.42 11571.9 1.25292e-05 
877 1676.35 11570 1.21552e-05 
878 1678.29 11568.1 1.09838e-05 
879 1680.24 11566.1 1.27037e-05 
880 1682.19 11564.2 1.13176e-05 
881 1684.16 11562.2 1.19881e-05 
882 1686.13 11560.2 1.25587e-05 
883 1688.12 11558.2 1.19015e-05 
884 1690.11 11556.2 1.2586e-05 
885 1692.12 11554.2 9.88342e-06 
886 1694.13 11552.2 1.17287e-05 
887 1696.16 11550.2 1.23545e-05 
888 1698.2 11548.2 1.10625e-05 
889 1700.24 11546.1 1.01434e-05 
890 1702.3 11544.1 1.13686e-05 
891 1704.37 11542 1.13098e-05 
892 1706.44 11539.9 1.16213e-05 
893 1708.52 11537.8 1.43681e-05 
894 1710.61 11535.7 1.32894e-05 
895 1712.7 11533.7 1.23809e-05 
896 1714.8 11531.6 1.35437e-05 
897 1716.9 11529.5 1.80148e-05 
898 1719.01 11527.3 1.82465e-05 
899 1721.11 11525.2 2.05682e-05 
900 1723.21 11523.1 2.41277e-05 
901 1725.31 11521 2.77084e-05 
902 1727.41 11518.9 2.91414e-05 
903 1729.5 11516.9 2.78414e-05 
904 1731.59 11514.8 2.7548e-05 
905 1733.67 11512.7 2.76118e-05 
906 1735.73 11510.6 2.73645e-05 
907 1737.79 11508.6 2.89046e-05 
908 1739.84 11506.5 2.716e-05 
909 1741.87 11504.5 2.58348e-05 
910 1743.89 11502.5 2.53901e-05 
911 1745.9 11500.5 2.71721e-05 
912 1747.89 11498.5 2.81267e-05 
913 1749.87 11496.5 2.65826e-05 
914 1751.83 11494.5 2.48634e-05 
915 1753.78 11492.6 2.2745e-05 
916 1755.71 11490.6 2.40521e-05 
917 1757.62 11488.7 2.50047e-05 
918 1759.52 11486.8 2.34362e-05 
919 1761.4 11485 2.26919e-05 
920 1763.26 11483.1 2.38281e-05 
921 1765.11 11481.2 2.41989e-05 
922 1766.94 11479.4 2.49544e-05 
923 1768.76 11477.6 2.72742e-05 
924 1770.56 11475.8 2.53664e-05 
925 1772.35 11474 2.70266e-05 
926 1774.13 11472.2 2.5058e-05 
927 1775.9 11470.5 2.61062e-05 
928 1777.65 11468.7 2.72541e-05 
929 1779.4 11467 2.69119e-05 
930 1781.15 11465.2 2.75076e-05 
931 1782.89 11463.5 2.91818e-05 
932 1784.63 11461.7 3.02098e-05 
933 1786.36 11460 2.94057e-05 
934 1788.1 11458.3 2.75184e-05 
935 1789.84 11456.5 2.71127e-05 
936 1791.59 11454.8 2.55774e-05 
937 1793.34 11453 2.30811e-05 
938 1795.09 11451.3 2.06193e-05 
939 1796.86 11449.5 2.23963e-05 
940 1798.63 11447.7 2.21058e-05 
941 1800.41 11445.9 2.11649e-05 
942 1802.21 11444.1 2.16567e-05 
943 1804.02 11442.3 2.202e-05 
944 1805.84 11440.5 2.35351e-05 
945 1807.67 11438.7 2.11337e-05 
946 1809.51 11436.8 2.01322e-05 
947 1811.37 11435 2.1424e-05 
948 1813.25 11433.1 2.13275e-05 
949 1815.14 11431.2 1.83348e-05 
950 1817.04 11429.3 1.63295e-05 
951 1818.96 11427.4 1.55191e-05 
952 1820.9 11425.5 1.66932e-05 
953 1822.85 11423.5 1.65717e-05 
954 1824.82 11421.5 1.27316e-05 
955 1826.8 11419.6 1.04002e-05 
956 1828.79 11417.6 1.15054e-05 
957 1830.8 11415.6 1.34341e-05 
958 1832.82 11413.5 1.85247e-05 
959 1834.85 11411.5 1.94214e-05 
960 1836.89 11409.5 2.07546e-05 
961 1838.93 11407.4 2.13133e-05 
962 1840.99 11405.4 1.94215e-05 
963 1843.05 11403.3 1.90902e-05 
964 1845.12 11401.2 1.99976e-05 
965 1847.19 11399.2 1.99842e-05 
966 1849.27 11397.1 2.03512e-05 
967 1851.34 11395 2.22902e-05 
968 1853.42 11392.9 2.21065e-05 
969 1855.49 11390.9 2.32669e-05 
970 1857.57 11388.8 2.37585e-05 
971 1859.64 11386.7 2.36724e-05 
972 1861.7 11384.6 2.20937e-05 
973 1863.77 11382.6 2.31016e-05 
974 1865.83 11380.5 2.31591e-05 
975 1867.88 11378.5 2.3356e-05 
976 1869.93 11376.4 2.44296e-05 
977 1871.98 11374.4 2.41958e-05 
978 1874.02 11372.3 2.39183e-05 
979 1876.05 11370.3 2.46437e-05 
980 1878.08 11368.3 2.20766e-05 
981 1880.11 11366.2 2.23616e-05 
982 1882.13 11364.2 2.0197e-05 
983 1884.14 11362.2 1.92334e-05 
984 1886.15 11360.2 1.6812e-05 
985 1888.15 11358.2 1.81763e-05 
986 1890.15 11356.2 1.6104e-05 
987 1892.15 11354.2 1.4412e-05 
988 1894.14 11352.2 1.44772e-05 
989 1896.12 11350.2 1.33215e-05 
990 1898.1 11348.3 1.36138e-05 
991 1900.08 11346.3 1.36493e-05 
992 1902.05 11344.3 1.24116e-05 
993 1904.01 11342.3 1.16368e-05 
994 1905.97 11340.4 1.01541e-05 
995 1907.92 11338.4 1.35724e-05 
996 1909.87 11336.5 1.3414e-05 
997 1911.81 11334.5 1.66238e-05 
998 1913.74 11332.6 1.68525e-05 
999 1915.67 11330.7 1.7712e-05 
