0 0.00469725 13078.4 3.76966e-09 
1 0.0187891 13078.4 8.66572e-09 
2 0.0422755 13078.4 2.00806e-08 
3 0.0751566 13078.3 2.50733e-08 
4 0.117433 13078.3 -4.49232e-09 
5 0.169103 13078.3 -1.55254e-08 
6 0.230169 13078.2 -4.08141e-08 
7 0.30063 13078.1 -6.79793e-08 
8 0.380485 13078 -5.99698e-08 
9 0.469736 13078 -3.39706e-08 
10 0.568382 13077.9 -3.85773e-08 
11 0.676423 13077.7 -5.34011e-08 
12 0.793859 13077.6 -1.15527e-08 
13 0.920691 13077.5 -2.5017e-08 
14 1.05692 13077.4 4.44578e-08 
15 1.20254 13077.2 4.25876e-08 
16 1.35756 13077.1 1.08577e-07 
17 1.52197 13076.9 1.28103e-07 
18 1.69578 13076.7 7.12662e-08 
19 1.87898 13076.5 9.12591e-08 
20 2.07158 13076.3 1.36756e-07 
21 2.27358 13076.1 1.79755e-07 
22 2.48497 13075.9 2.30691e-07 
23 2.70575 13075.7 1.11445e-07 
24 2.93593 13075.5 2.48703e-07 
25 3.17551 13075.2 2.93609e-07 
26 3.42448 13075 3.16571e-07 
27 3.68285 13074.7 2.17103e-07 
28 3.95061 13074.5 1.64469e-07 
29 4.22777 13074.2 2.29213e-07 
30 4.51433 13073.9 2.61122e-07 
31 4.80979 13073.6 1.92017e-07 
32 5.11377 13073.3 8.01035e-08 
33 5.42637 13073 4.32902e-08 
34 5.74768 13072.7 -2.54095e-08 
35 6.07783 13072.3 -3.56412e-08 
36 6.41687 13072 -4.09814e-09 
37 6.76482 13071.7 1.13546e-07 
38 7.12172 13071.3 6.56003e-09 
39 7.48745 13070.9 -1.86088e-08 
40 7.86161 13070.6 5.23651e-08 
41 8.24405 13070.2 8.2227e-08 
42 8.63493 13069.8 3.01065e-08 
43 9.03438 13069.4 2.28268e-07 
44 9.4425 13069 6.46089e-08 
45 9.8593 13068.6 -2.79208e-08 
46 10.2848 13068.1 -2.8296e-08 
47 10.719 13067.7 -9.14568e-08 
48 11.162 13067.3 -2.04151e-07 
49 11.6138 13066.8 -1.93556e-07 
50 12.0744 13066.3 -2.83758e-07 
51 12.5437 13065.9 -5.57654e-07 
52 13.0219 13065.4 -5.68981e-07 
53 13.5089 13064.9 -3.98463e-07 
54 14.0047 13064.4 -5.17664e-07 
55 14.5094 13063.9 -4.3393e-07 
56 15.0229 13063.4 -3.01145e-07 
57 15.5451 13062.9 -1.98829e-07 
58 16.0763 13062.3 -2.24647e-07 
59 16.6163 13061.8 -2.33549e-07 
60 17.1651 13061.3 -2.58897e-07 
61 17.7228 13060.7 3.18566e-08 
62 18.2893 13060.1 -4.14948e-08 
63 18.8647 13059.6 -2.29026e-07 
64 19.4489 13059 -2.89526e-07 
65 20.042 13058.4 -3.59391e-07 
66 20.644 13057.8 -5.81477e-07 
67 21.2548 13057.2 -6.7389e-07 
68 21.8745 13056.5 -7.91257e-07 
69 22.5031 13055.9 -8.81157e-07 
70 23.1405 13055.3 -8.31946e-07 
71 23.7867 13054.6 -9.05489e-07 
72 24.4419 13054 -8.03742e-07 
73 25.1059 13053.3 -6.80517e-07 
74 25.7787 13052.6 -5.37072e-07 
75 26.4605 13052 -7.51487e-07 
76 27.1511 13051.3 -6.41249e-07 
77 27.8505 13050.6 -9.72368e-07 
78 28.5588 13049.9 -1.28287e-06 
79 29.276 13049.1 -9.45573e-07 
80 30.002 13048.4 -8.94703e-07 
81 30.7368 13047.7 -5.75447e-07 
82 31.48 13046.9 -6.70016e-07 
83 32.2317 13046.2 -6.74281e-07 
84 32.9919 13045.4 -8.84039e-07 
85 33.7608 13044.7 -7.15727e-07 
86 34.5383 13043.9 -7.70396e-07 
87 35.3243 13043.1 -9.10905e-07 
88 36.1189 13042.3 -8.80699e-07 
89 36.9223 13041.5 -1.23643e-06 
90 37.7343 13040.7 -1.44449e-06 
91 38.555 13039.9 -1.205e-06 
92 39.3843 13039 -1.51502e-06 
93 40.2225 13038.2 -1.82262e-06 
94 41.0693 13037.4 -2.12685e-06 
95 41.9248 13036.5 -1.94176e-06 
96 42.7891 13035.6 -1.52009e-06 
97 43.6619 13034.8 -1.41609e-06 
98 44.5432 13033.9 -1.38108e-06 
99 45.4333 13033 -1.22096e-06 
100 46.3321 13032.1 -7.18445e-07 
101 47.2395 13031.2 -5.93406e-07 
102 48.1557 13030.3 -4.12797e-07 
103 49.0807 13029.3 -5.54024e-07 
104 50.0138 13028.4 -1.88941e-07 
105 50.9546 13027.5 -4.43736e-07 
106 51.9032 13026.5 -6.48184e-07 
107 52.8598 13025.6 -7.02374e-07 
108 53.8242 13024.6 -7.77705e-07 
109 54.7963 13023.6 -5.25528e-07 
110 55.7765 13022.6 -9.24407e-07 
111 56.7646 13021.7 -5.30614e-07 
112 57.7609 13020.7 -5.90113e-07 
113 58.7651 13019.7 -8.0987e-07 
114 59.7776 13018.6 -8.41077e-07 
115 60.7981 13017.6 -6.87595e-07 
116 61.8267 13016.6 -9.01522e-07 
117 62.8635 13015.6 -9.53719e-07 
118 63.9085 13014.5 -8.21602e-07 
119 64.9619 13013.5 -4.0149e-07 
120 66.0235 13012.4 -4.4625e-07 
121 67.0931 13011.3 -3.67171e-07 
122 68.171 13010.2 -2.13963e-07 
123 69.257 13009.2 3.49086e-09 
124 70.3513 13008.1 -3.54452e-07 
125 71.454 13007 -6.37992e-08 
126 72.5649 13005.9 5.95845e-08 
127 73.6842 13004.7 1.1619e-07 
128 74.8117 13003.6 3.84735e-07 
129 75.9477 13002.5 1.1538e-07 
130 77.0922 13001.3 3.05747e-07 
131 78.2449 13000.2 2.0887e-07 
132 79.406 12999 3.72661e-07 
133 80.5754 12997.8 4.18652e-07 
134 81.7524 12996.7 2.74775e-07 
135 82.937 12995.5 1.25028e-07 
136 84.1293 12994.3 -2.15937e-08 
137 85.329 12993.1 3.40387e-07 
138 86.5362 12991.9 4.68912e-07 
139 87.751 12990.7 7.06847e-07 
140 88.9737 12989.4 1.0075e-06 
141 90.2041 12988.2 6.96165e-07 
142 91.4426 12987 4.72241e-07 
143 92.6891 12985.7 9.70269e-07 
144 93.9435 12984.5 1.00755e-06 
145 95.2055 12983.2 7.34087e-07 
146 96.4742 12981.9 7.04005e-07 
147 97.7496 12980.7 7.30068e-07 
148 99.032 12979.4 4.16301e-07 
149 100.321 12978.1 7.94076e-07 
150 101.618 12976.8 1.93476e-06 
151 102.922 12975.5 2.27808e-06 
152 104.233 12974.2 2.451e-06 
153 105.552 12972.9 2.37998e-06 
154 106.878 12971.5 2.94014e-06 
155 108.212 12970.2 3.3238e-06 
156 109.552 12968.9 3.47319e-06 
157 110.901 12967.5 3.62371e-06 
158 112.257 12966.2 3.9052e-06 
159 113.62 12964.8 4.29352e-06 
160 114.991 12963.4 4.50724e-06 
161 116.37 12962 4.09846e-06 
162 117.755 12960.7 4.35609e-06 
163 119.149 12959.3 4.40257e-06 
164 120.55 12957.9 4.40225e-06 
165 121.958 12956.5 4.64826e-06 
166 123.374 12955 4.24925e-06 
167 124.798 12953.6 4.2812e-06 
168 126.229 12952.2 4.66224e-06 
169 127.669 12950.8 4.68399e-06 
170 129.116 12949.3 4.78463e-06 
171 130.57 12947.8 4.27487e-06 
172 132.032 12946.4 4.06849e-06 
173 133.502 12944.9 4.98947e-06 
174 134.979 12943.4 4.7619e-06 
175 136.465 12942 4.97213e-06 
176 137.958 12940.5 3.83244e-06 
177 139.458 12939 4.16422e-06 
178 140.966 12937.5 4.12128e-06 
179 142.479 12935.9 3.51676e-06 
180 143.999 12934.4 3.22102e-06 
181 145.526 12932.9 3.76395e-06 
182 147.059 12931.4 3.82308e-06 
183 148.6 12929.8 4.10403e-06 
184 150.148 12928.3 3.75587e-06 
185 151.703 12926.7 3.19478e-06 
186 153.264 12925.2 2.24991e-06 
187 154.832 12923.6 1.68489e-06 
188 156.406 12922 1.72049e-06 
189 157.987 12920.4 1.32803e-06 
190 159.573 12918.8 4.91401e-07 
191 161.166 12917.3 1.34753e-06 
192 162.766 12915.7 1.6495e-06 
193 164.372 12914 1.31841e-06 
194 165.986 12912.4 8.20079e-07 
195 167.605 12910.8 1.25415e-06 
196 169.232 12909.2 5.94837e-07 
197 170.866 12907.6 7.30136e-07 
198 172.507 12905.9 8.31815e-07 
199 174.154 12904.3 7.29367e-07 
200 175.809 12902.6 1.88014e-06 
201 177.469 12900.9 2.03424e-06 
202 179.137 12899.3 1.56265e-06 
203 180.812 12897.6 1.09626e-06 
204 182.493 12895.9 5.66668e-08 
205 184.182 12894.2 -4.79414e-08 
206 185.877 12892.5 3.37731e-07 
207 187.577 12890.8 2.96766e-07 
208 189.283 12889.1 8.30643e-07 
209 190.995 12887.4 6.78417e-07 
210 192.713 12885.7 5.36387e-07 
211 194.436 12884 3.42392e-07 
212 196.167 12882.3 -6.35721e-08 
213 197.903 12880.5 -6.91585e-07 
214 199.646 12878.8 -8.34041e-07 
215 201.396 12877 -1.01019e-06 
216 203.152 12875.3 -1.21741e-06 
217 204.914 12873.5 -1.89387e-06 
218 206.683 12871.7 -2.29853e-06 
219 208.459 12870 -2.39075e-06 
220 210.241 12868.2 -1.6439e-06 
221 212.029 12866.4 -2.68836e-06 
222 213.825 12864.6 -3.04998e-06 
223 215.627 12862.8 -3.36243e-06 
224 217.436 12861 -3.59507e-06 
225 219.251 12859.2 -3.27552e-06 
226 221.073 12857.3 -2.51333e-06 
227 222.902 12855.5 -1.62066e-06 
228 224.738 12853.7 -2.00953e-06 
229 226.58 12851.8 -2.57039e-06 
230 228.428 12850 -3.24464e-06 
231 230.281 12848.1 -3.65961e-06 
232 232.139 12846.3 -3.7982e-06 
233 234.001 12844.4 -4.46272e-06 
234 235.868 12842.5 -3.6252e-06 
235 237.74 12840.7 -3.17834e-06 
236 239.616 12838.8 -3.20344e-06 
237 241.496 12836.9 -2.09071e-06 
238 243.38 12835 -2.20864e-06 
239 245.268 12833.1 -2.22204e-06 
240 247.161 12831.3 -2.64681e-06 
241 249.06 12829.4 -2.10622e-06 
242 250.964 12827.5 -2.61924e-06 
243 252.873 12825.5 -1.86674e-06 
244 254.788 12823.6 -2.02156e-06 
245 256.709 12821.7 -2.15947e-06 
246 258.634 12819.8 -1.78383e-06 
247 260.566 12817.9 -2.43734e-06 
248 262.503 12815.9 -1.78639e-06 
249 264.446 12814 -2.30048e-06 
250 266.395 12812 -2.71923e-06 
251 268.349 12810.1 -2.85593e-06 
252 270.309 12808.1 -1.67139e-06 
253 272.276 12806.1 -2.52318e-06 
254 274.249 12804.2 -2.5995e-06 
255 276.226 12802.2 -3.14023e-06 
256 278.209 12800.2 -3.77025e-06 
257 280.195 12798.2 -4.1541e-06 
258 282.186 12796.2 -4.28176e-06 
259 284.182 12794.2 -4.88142e-06 
260 286.183 12792.2 -4.47655e-06 
261 288.189 12790.2 -4.57135e-06 
262 290.2 12788.2 -5.03142e-06 
263 292.216 12786.2 -4.49896e-06 
264 294.238 12784.2 -5.99762e-06 
265 296.265 12782.2 -5.07398e-06 
266 298.296 12780.1 -4.4458e-06 
267 300.333 12778.1 -4.153e-06 
268 302.375 12776 -4.71774e-06 
269 304.42 12774 -4.20365e-06 
270 306.47 12771.9 -4.54998e-06 
271 308.525 12769.9 -5.37995e-06 
272 310.586 12767.8 -5.72515e-06 
273 312.651 12765.8 -6.40328e-06 
274 314.721 12763.7 -5.57804e-06 
275 316.797 12761.6 -4.56768e-06 
276 318.878 12759.5 -4.82876e-06 
277 320.963 12757.5 -5.46304e-06 
278 323.052 12755.4 -5.97363e-06 
279 325.145 12753.3 -6.38015e-06 
280 327.241 12751.2 -5.86566e-06 
281 329.341 12749.1 -6.07314e-06 
282 331.446 12747 -5.8121e-06 
283 333.554 12744.9 -5.16778e-06 
284 335.666 12742.8 -5.13571e-06 
285 337.782 12740.6 -4.44694e-06 
286 339.903 12738.5 -4.3947e-06 
287 342.028 12736.4 -4.39692e-06 
288 344.157 12734.3 -3.21635e-06 
289 346.29 12732.1 -4.32109e-06 
290 348.428 12730 -4.29302e-06 
291 350.572 12727.8 -3.92345e-06 
292 352.72 12725.7 -3.84772e-06 
293 354.873 12723.5 -3.47685e-06 
294 357.031 12721.4 -4.50901e-06 
295 359.195 12719.2 -5.3693e-06 
296 361.364 12717.1 -5.85345e-06 
297 363.539 12714.9 -7.14948e-06 
298 365.716 12712.7 -7.28052e-06 
299 367.896 12710.5 -6.72295e-06 
300 370.078 12708.3 -6.41965e-06 
301 372.264 12706.2 -6.31032e-06 
302 374.454 12704 -6.4658e-06 
303 376.646 12701.8 -6.13489e-06 
304 378.843 12699.6 -5.94669e-06 
305 381.042 12697.4 -6.60026e-06 
306 383.244 12695.2 -6.60784e-06 
307 385.451 12693 -5.76236e-06 
308 387.661 12690.8 -6.24238e-06 
309 389.876 12688.5 -7.75728e-06 
310 392.094 12686.3 -7.34805e-06 
311 394.315 12684.1 -7.97747e-06 
312 396.539 12681.9 -6.80401e-06 
313 398.769 12679.6 -6.15234e-06 
314 401.002 12677.4 -6.61994e-06 
315 403.238 12675.2 -6.30942e-06 
316 405.48 12672.9 -5.56822e-06 
317 407.726 12670.7 -6.50125e-06 
318 409.975 12668.4 -7.89033e-06 
319 412.226 12666.2 -7.43836e-06 
320 414.48 12663.9 -6.37287e-06 
321 416.739 12661.7 -8.0244e-06 
322 419.002 12659.4 -9.06294e-06 
323 421.269 12657.1 -9.84718e-06 
324 423.538 12654.9 -1.08465e-05 
325 425.81 12652.6 -1.10201e-05 
326 428.088 12650.3 -1.12953e-05 
327 430.369 12648 -1.08283e-05 
328 432.654 12645.8 -1.00986e-05 
329 434.943 12643.5 -9.34673e-06 
330 437.235 12641.2 -1.01682e-05 
331 439.53 12638.9 -9.91089e-06 
332 441.828 12636.6 -9.48259e-06 
333 444.128 12634.3 -9.0075e-06 
334 446.433 12632 -8.56311e-06 
335 448.741 12629.7 -8.49966e-06 
336 451.052 12627.4 -7.6607e-06 
337 453.367 12625.1 -6.85772e-06 
338 455.685 12622.7 -6.00366e-06 
339 458.005 12620.4 -5.93785e-06 
340 460.328 12618.1 -6.71868e-06 
341 462.652 12615.8 -6.43143e-06 
342 464.98 12613.4 -7.73455e-06 
343 467.311 12611.1 -6.61053e-06 
344 469.646 12608.8 -7.13247e-06 
345 471.984 12606.4 -7.41503e-06 
346 474.325 12604.1 -7.46242e-06 
347 476.668 12601.8 -8.21741e-06 
348 479.013 12599.4 -7.73521e-06 
349 481.359 12597.1 -7.44318e-06 
350 483.707 12594.7 -8.21729e-06 
351 486.058 12592.4 -7.24692e-06 
352 488.411 12590 -7.21019e-06 
353 490.767 12587.7 -7.2436e-06 
354 493.126 12585.3 -8.41775e-06 
355 495.488 12582.9 -9.66136e-06 
356 497.853 12580.6 -9.19007e-06 
357 500.219 12578.2 -9.74996e-06 
358 502.587 12575.8 -9.32875e-06 
359 504.956 12573.5 -8.90826e-06 
360 507.327 12571.1 -8.66136e-06 
361 509.7 12568.7 -7.38586e-06 
362 512.074 12566.3 -7.21188e-06 
363 514.451 12564 -6.40492e-06 
364 516.83 12561.6 -6.85555e-06 
365 519.212 12559.2 -6.69122e-06 
366 521.597 12556.8 -7.15779e-06 
367 523.985 12554.4 -7.65366e-06 
368 526.376 12552 -6.98464e-06 
369 528.768 12549.7 -6.53885e-06 
370 531.162 12547.3 -7.12888e-06 
371 533.559 12544.9 -7.14504e-06 
372 535.959 12542.5 -7.64356e-06 
373 538.362 12540.1 -7.18157e-06 
374 540.768 12537.7 -6.77908e-06 
375 543.175 12535.2 -6.94837e-06 
376 545.585 12532.8 -7.60704e-06 
377 547.996 12530.4 -5.3812e-06 
378 550.408 12528 -3.34943e-06 
379 552.822 12525.6 -3.15056e-06 
380 555.238 12523.2 -3.28163e-06 
381 557.655 12520.8 -3.61914e-06 
382 560.074 12518.3 -4.31317e-06 
383 562.496 12515.9 -4.55033e-06 
384 564.922 12513.5 -4.88808e-06 
385 567.35 12511.1 -5.68878e-06 
386 569.781 12508.6 -5.96224e-06 
387 572.214 12506.2 -4.64721e-06 
388 574.648 12503.8 -4.54065e-06 
389 577.085 12501.3 -2.95954e-06 
390 579.524 12498.9 -1.93805e-06 
391 581.966 12496.5 -1.83986e-06 
392 584.409 12494 -1.70332e-06 
393 586.853 12491.6 -1.4478e-06 
394 589.297 12489.1 -2.14481e-06 
395 591.741 12486.7 -4.35005e-06 
396 594.187 12484.2 -3.92349e-06 
397 596.635 12481.8 -3.57213e-06 
398 599.086 12479.3 -3.96231e-06 
399 601.54 12476.9 -3.69384e-06 
400 603.995 12474.4 -5.4697e-06 
401 606.453 12472 -5.19253e-06 
402 608.911 12469.5 -5.04636e-06 
403 611.372 12467 -3.84636e-06 
404 613.835 12464.6 -4.58138e-06 
405 616.299 12462.1 -5.51878e-06 
406 618.765 12459.7 -7.35654e-06 
407 621.233 12457.2 -6.36754e-06 
408 623.702 12454.7 -6.43057e-06 
409 626.175 12452.2 -7.60459e-06 
410 628.649 12449.8 -6.47558e-06 
411 631.125 12447.3 -6.60292e-06 
412 633.599 12444.8 -5.93319e-06 
413 636.073 12442.3 -5.8595e-06 
414 638.548 12439.9 -6.11964e-06 
415 641.025 12437.4 -5.93978e-06 
416 643.504 12434.9 -6.46574e-06 
417 645.983 12432.4 -5.08767e-06 
418 648.463 12430 -3.68412e-06 
419 650.945 12427.5 -4.07102e-06 
420 653.426 12425 -2.54189e-06 
421 655.909 12422.5 -2.32528e-06 
422 658.394 12420 -3.04002e-06 
423 660.879 12417.5 -2.9079e-06 
424 663.366 12415.1 -3.11059e-06 
425 665.854 12412.6 -3.27337e-06 
426 668.346 12410.1 -1.58987e-06 
427 670.839 12407.6 2.17177e-07 
428 673.332 12405.1 1.02342e-06 
429 675.825 12402.6 2.26487e-06 
430 678.319 12400.1 1.89341e-06 
431 680.814 12397.6 3.23327e-06 
432 683.311 12395.1 2.92175e-06 
433 685.808 12392.6 3.64488e-06 
434 688.309 12390.1 4.23168e-06 
435 690.81 12387.6 3.53263e-06 
436 693.313 12385.1 4.91397e-06 
437 695.814 12382.6 7.15278e-06 
438 698.312 12380.1 6.92868e-06 
439 700.812 12377.6 7.95494e-06 
440 703.313 12375.1 7.39377e-06 
441 705.814 12372.6 7.28296e-06 
442 708.316 12370.1 6.46775e-06 
443 710.818 12367.6 5.2228e-06 
444 713.321 12365.1 4.00842e-06 
445 715.825 12362.6 3.94692e-06 
446 718.328 12360.1 3.68429e-06 
447 720.831 12357.6 3.13263e-06 
448 723.335 12355.1 3.03079e-06 
449 725.838 12352.6 2.91594e-06 
450 728.339 12350.1 3.00692e-06 
451 730.842 12347.6 2.60121e-06 
452 733.346 12345.1 4.58074e-06 
453 735.851 12342.6 5.12601e-06 
454 738.356 12340.1 4.9608e-06 
455 740.863 12337.6 5.61649e-06 
456 743.371 12335 4.77575e-06 
457 745.881 12332.5 4.80496e-06 
458 748.392 12330 5.37071e-06 
459 750.905 12327.5 4.42026e-06 
460 753.419 12325 4.21348e-06 
461 755.933 12322.5 4.43254e-06 
462 758.448 12320 3.86671e-06 
463 760.961 12317.5 4.57849e-06 
464 763.473 12314.9 5.49408e-06 
465 765.986 12312.4 6.05235e-06 
466 768.499 12309.9 5.43583e-06 
467 771.013 12307.4 7.99464e-06 
468 773.527 12304.9 8.06058e-06 
469 776.043 12302.4 9.0548e-06 
470 778.561 12299.9 9.41833e-06 
471 781.078 12297.3 9.25461e-06 
472 783.596 12294.8 1.02703e-05 
473 786.114 12292.3 9.81521e-06 
474 788.632 12289.8 1.13601e-05 
475 791.149 12287.3 1.13794e-05 
476 793.666 12284.8 1.08561e-05 
477 796.183 12282.2 1.10441e-05 
478 798.703 12279.7 1.04652e-05 
479 801.224 12277.2 1.00554e-05 
480 803.745 12274.7 9.63215e-06 
481 806.267 12272.2 9.07765e-06 
482 808.789 12269.6 9.68406e-06 
483 811.311 12267.1 1.05922e-05 
484 813.835 12264.6 9.76804e-06 
485 816.359 12262.1 1.10794e-05 
486 818.883 12259.5 1.04676e-05 
487 821.407 12257 9.16809e-06 
488 823.931 12254.5 8.75949e-06 
489 826.456 12252 9.80798e-06 
490 828.982 12249.4 1.06952e-05 
491 831.509 12246.9 1.02089e-05 
492 834.035 12244.4 1.00199e-05 
493 836.561 12241.9 8.79683e-06 
494 839.086 12239.3 1.03474e-05 
495 841.612 12236.8 1.26742e-05 
496 844.139 12234.3 1.42306e-05 
497 846.666 12231.8 1.56958e-05 
498 849.192 12229.2 1.6975e-05 
499 851.716 12226.7 1.70155e-05 
500 854.24 12224.2 1.67729e-05 
501 856.765 12221.7 1.67674e-05 
502 859.29 12219.1 1.63601e-05 
503 861.816 12216.6 1.50254e-05 
504 864.342 12214.1 1.47481e-05 
505 866.868 12211.6 1.55446e-05 
506 869.396 12209 1.62981e-05 
507 871.922 12206.5 1.55529e-05 
508 874.448 12204 1.5405e-05 
509 876.974 12201.4 1.67649e-05 
510 879.502 12198.9 1.73611e-05 
511 882.03 12196.4 1.73649e-05 
512 884.56 12193.9 1.5249e-05 
513 887.09 12191.3 1.51932e-05 
514 889.617 12188.8 1.59227e-05 
515 892.142 12186.3 1.76142e-05 
516 894.664 12183.8 1.7602e-05 
517 897.183 12181.2 1.58927e-05 
518 899.7 12178.7 1.52958e-05 
519 902.215 12176.2 1.74466e-05 
520 904.73 12173.7 1.7806e-05 
521 907.243 12171.2 1.76773e-05 
522 909.754 12168.7 1.80774e-05 
523 912.263 12166.2 1.71625e-05 
524 914.773 12163.6 1.7761e-05 
525 917.283 12161.1 1.81525e-05 
526 919.793 12158.6 1.79372e-05 
527 922.303 12156.1 1.84305e-05 
528 924.813 12153.6 1.91002e-05 
529 927.322 12151.1 1.83207e-05 
530 929.831 12148.6 2.06854e-05 
531 932.34 12146.1 2.06738e-05 
532 934.85 12143.6 2.03174e-05 
533 937.358 12141.1 1.85525e-05 
534 939.866 12138.6 1.78184e-05 
535 942.374 12136 1.87584e-05 
536 944.881 12133.5 2.10221e-05 
537 947.388 12131 2.17885e-05 
538 949.894 12128.5 2.0964e-05 
539 952.399 12126 2.09977e-05 
540 954.904 12123.5 2.19904e-05 
541 957.41 12121 2.40911e-05 
542 959.917 12118.5 2.3548e-05 
543 962.423 12116 2.16139e-05 
544 964.93 12113.5 2.05576e-05 
545 967.436 12111 2.19318e-05 
546 969.94 12108.5 2.17834e-05 
547 972.443 12106 2.20691e-05 
548 974.945 12103.5 2.20721e-05 
549 977.448 12101 2.28168e-05 
550 979.95 12098.5 2.39525e-05 
551 982.45 12096 2.30154e-05 
552 984.95 12093.5 2.38685e-05 
553 987.452 12091 2.66994e-05 
554 989.953 12088.5 2.64348e-05 
555 992.452 12086 2.81877e-05 
556 994.951 12083.5 2.67871e-05 
557 997.45 12081 2.78537e-05 
558 999.947 12078.5 2.91214e-05 
559 1002.44 12076 2.8504e-05 
560 1004.94 12073.5 2.9616e-05 
561 1007.44 12071 2.79095e-05 
562 1009.94 12068.5 2.81342e-05 
563 1012.43 12066 2.89116e-05 
564 1014.93 12063.5 2.72794e-05 
565 1017.42 12061 2.71186e-05 
566 1019.91 12058.5 2.76179e-05 
567 1022.41 12056 2.69067e-05 
568 1024.9 12053.5 2.5885e-05 
569 1027.4 12051 2.58095e-05 
570 1029.89 12048.5 2.41461e-05 
571 1032.38 12046 2.27518e-05 
572 1034.88 12043.5 2.15642e-05 
573 1037.37 12041.1 2.17677e-05 
574 1039.86 12038.6 2.12279e-05 
575 1042.35 12036.1 2.38613e-05 
576 1044.84 12033.6 2.62366e-05 
577 1047.33 12031.1 2.61178e-05 
578 1049.82 12028.6 2.64455e-05 
579 1052.3 12026.1 2.78079e-05 
580 1054.79 12023.6 2.90318e-05 
581 1057.28 12021.1 3.10501e-05 
582 1059.77 12018.7 3.07373e-05 
583 1062.25 12016.2 3.14096e-05 
584 1064.74 12013.7 3.28855e-05 
585 1067.23 12011.2 3.22402e-05 
586 1069.71 12008.7 3.18213e-05 
587 1072.19 12006.2 3.24124e-05 
588 1074.67 12003.7 3.17658e-05 
589 1077.15 12001.3 3.0942e-05 
590 1079.63 11998.8 3.00922e-05 
591 1082.1 11996.3 3.02999e-05 
592 1084.57 11993.8 3.11014e-05 
593 1087.05 11991.4 3.37229e-05 
594 1089.52 11988.9 3.18354e-05 
595 1091.99 11986.4 3.20806e-05 
596 1094.46 11984 3.25984e-05 
597 1096.92 11981.5 3.27984e-05 
598 1099.39 11979 3.56549e-05 
599 1101.85 11976.6 3.40793e-05 
600 1104.32 11974.1 3.4011e-05 
601 1106.78 11971.6 3.39014e-05 
602 1109.24 11969.2 3.38764e-05 
603 1111.71 11966.7 3.42207e-05 
604 1114.16 11964.3 3.58128e-05 
605 1116.62 11961.8 3.61532e-05 
606 1119.08 11959.3 3.50526e-05 
607 1121.54 11956.9 3.40042e-05 
608 1123.99 11954.4 3.42116e-05 
609 1126.45 11952 3.31971e-05 
610 1128.9 11949.5 3.17669e-05 
611 1131.35 11947.1 3.26389e-05 
612 1133.8 11944.6 3.14051e-05 
613 1136.26 11942.2 2.9914e-05 
614 1138.71 11939.7 2.95186e-05 
615 1141.15 11937.3 2.73863e-05 
616 1143.6 11934.8 2.8567e-05 
617 1146.05 11932.4 3.0166e-05 
618 1148.5 11929.9 3.10422e-05 
619 1150.95 11927.5 3.19516e-05 
620 1153.4 11925 3.30258e-05 
621 1155.84 11922.6 3.18508e-05 
622 1158.28 11920.1 3.03761e-05 
623 1160.73 11917.7 2.83645e-05 
624 1163.17 11915.3 2.78892e-05 
625 1165.61 11912.8 2.87242e-05 
626 1168.05 11910.4 2.70951e-05 
627 1170.49 11907.9 2.7416e-05 
628 1172.93 11905.5 2.57639e-05 
629 1175.37 11903.1 2.50264e-05 
630 1177.8 11900.6 2.55778e-05 
631 1180.24 11898.2 2.59808e-05 
632 1182.68 11895.7 2.68415e-05 
633 1185.11 11893.3 2.77922e-05 
634 1187.55 11890.9 2.90464e-05 
635 1189.98 11888.4 2.92597e-05 
636 1192.42 11886 2.7531e-05 
637 1194.85 11883.6 2.60057e-05 
638 1197.28 11881.1 2.5914e-05 
639 1199.71 11878.7 2.37225e-05 
640 1202.14 11876.3 2.28071e-05 
641 1204.56 11873.9 2.40732e-05 
642 1206.99 11871.4 2.45164e-05 
643 1209.41 11869 2.57755e-05 
644 1211.84 11866.6 2.5432e-05 
645 1214.26 11864.2 2.47981e-05 
646 1216.69 11861.7 2.28114e-05 
647 1219.12 11859.3 2.44483e-05 
648 1221.54 11856.9 2.47402e-05 
649 1223.96 11854.5 2.35427e-05 
650 1226.39 11852 2.31975e-05 
651 1228.81 11849.6 2.30225e-05 
652 1231.23 11847.2 2.22757e-05 
653 1233.65 11844.8 2.30421e-05 
654 1236.07 11842.3 2.31526e-05 
655 1238.49 11839.9 2.15842e-05 
656 1240.91 11837.5 2.25741e-05 
657 1243.32 11835.1 2.12593e-05 
658 1245.73 11832.7 2.25433e-05 
659 1248.14 11830.3 2.36339e-05 
660 1250.55 11827.9 2.52431e-05 
661 1252.95 11825.5 2.32612e-05 
662 1255.36 11823.1 2.11259e-05 
663 1257.76 11820.7 2.36602e-05 
664 1260.16 11818.3 2.13835e-05 
665 1262.56 11815.9 2.07653e-05 
666 1264.96 11813.5 2.16106e-05 
667 1267.35 11811.1 2.31531e-05 
668 1269.75 11808.7 2.33767e-05 
669 1272.15 11806.3 2.32758e-05 
670 1274.54 11803.9 2.107e-05 
671 1276.93 11801.5 2.21137e-05 
672 1279.33 11799.1 2.12331e-05 
673 1281.72 11796.7 2.05811e-05 
674 1284.11 11794.3 1.97749e-05 
675 1286.5 11791.9 2.09519e-05 
676 1288.89 11789.5 2.20457e-05 
677 1291.28 11787.1 2.31956e-05 
678 1293.67 11784.8 2.25324e-05 
679 1296.05 11782.4 2.24912e-05 
680 1298.44 11780 2.28231e-05 
681 1300.82 11777.6 2.1457e-05 
682 1303.21 11775.2 2.25105e-05 
683 1305.59 11772.8 2.21822e-05 
684 1307.98 11770.4 2.34167e-05 
685 1310.36 11768.1 2.25474e-05 
686 1312.74 11765.7 2.25583e-05 
687 1315.12 11763.3 2.31249e-05 
688 1317.5 11760.9 2.27749e-05 
689 1319.87 11758.5 2.36217e-05 
690 1322.25 11756.2 2.26806e-05 
691 1324.62 11753.8 2.2992e-05 
692 1327 11751.4 2.41741e-05 
693 1329.38 11749 2.27339e-05 
694 1331.75 11746.7 2.43861e-05 
695 1334.13 11744.3 2.59105e-05 
696 1336.5 11741.9 2.51081e-05 
697 1338.87 11739.5 2.22905e-05 
698 1341.24 11737.2 2.38472e-05 
699 1343.62 11734.8 2.15327e-05 
700 1345.98 11732.4 2.17953e-05 
701 1348.35 11730.1 2.36294e-05 
702 1350.72 11727.7 2.57393e-05 
703 1353.09 11725.3 2.5793e-05 
704 1355.45 11723 2.45338e-05 
705 1357.82 11720.6 2.46778e-05 
706 1360.18 11718.2 2.49438e-05 
707 1362.54 11715.9 2.45412e-05 
708 1364.91 11713.5 2.3053e-05 
709 1367.27 11711.1 2.41173e-05 
710 1369.63 11708.8 2.46747e-05 
711 1372 11706.4 2.37135e-05 
712 1374.36 11704.1 2.25714e-05 
713 1376.72 11701.7 2.31866e-05 
714 1379.08 11699.3 2.11254e-05 
715 1381.44 11697 2.35872e-05 
716 1383.8 11694.6 2.53788e-05 
717 1386.15 11692.3 2.58918e-05 
718 1388.51 11689.9 2.76138e-05 
719 1390.87 11687.6 2.68594e-05 
720 1393.22 11685.2 2.77844e-05 
721 1395.58 11682.8 3.03805e-05 
722 1397.93 11680.5 3.09388e-05 
723 1400.28 11678.1 3.12113e-05 
724 1402.64 11675.8 3.18653e-05 
725 1404.99 11673.4 3.0415e-05 
726 1407.34 11671.1 3.21416e-05 
727 1409.69 11668.7 3.11031e-05 
728 1412.04 11666.4 3.11e-05 
729 1414.38 11664 3.15236e-05 
730 1416.72 11661.7 3.25694e-05 
731 1419.06 11659.4 3.42776e-05 
732 1421.4 11657 3.44996e-05 
733 1423.73 11654.7 3.56615e-05 
734 1426.07 11652.4 3.69659e-05 
735 1428.4 11650 3.895e-05 
736 1430.73 11647.7 3.72747e-05 
737 1433.05 11645.4 3.70776e-05 
738 1435.38 11643 3.87116e-05 
739 1437.71 11640.7 3.96312e-05 
740 1440.03 11638.4 4.17091e-05 
741 1442.36 11636.1 4.26702e-05 
742 1444.68 11633.7 4.41748e-05 
743 1447.01 11631.4 4.47943e-05 
744 1449.33 11629.1 4.2085e-05 
745 1451.65 11626.8 4.11652e-05 
746 1453.98 11624.4 4.16359e-05 
747 1456.3 11622.1 4.16727e-05 
748 1458.62 11619.8 4.25501e-05 
749 1460.94 11617.5 4.10334e-05 
750 1463.26 11615.2 4.29403e-05 
751 1465.59 11612.8 4.35591e-05 
752 1467.91 11610.5 4.38515e-05 
753 1470.22 11608.2 4.45941e-05 
754 1472.54 11605.9 4.39462e-05 
755 1474.86 11603.6 4.32977e-05 
756 1477.18 11601.2 4.11986e-05 
757 1479.5 11598.9 3.90901e-05 
758 1481.81 11596.6 3.8705e-05 
759 1484.12 11594.3 3.90375e-05 
760 1486.43 11592 3.99266e-05 
761 1488.74 11589.7 3.79959e-05 
762 1491.05 11587.4 4.00951e-05 
763 1493.36 11585.1 3.88409e-05 
764 1495.67 11582.7 3.98504e-05 
765 1497.98 11580.4 3.87211e-05 
766 1500.29 11578.1 3.79818e-05 
767 1502.59 11575.8 3.73891e-05 
768 1504.9 11573.5 3.64611e-05 
769 1507.21 11571.2 3.65704e-05 
770 1509.52 11568.9 3.59384e-05 
771 1511.83 11566.6 3.48319e-05 
772 1514.13 11564.3 3.40361e-05 
773 1516.44 11562 3.33835e-05 
774 1518.75 11559.7 3.31534e-05 
775 1521.06 11557.4 3.3618e-05 
776 1523.37 11555.1 3.56639e-05 
777 1525.68 11552.7 3.61793e-05 
778 1527.99 11550.4 3.66189e-05 
779 1530.3 11548.1 3.513e-05 
780 1532.6 11545.8 3.46342e-05 
781 1534.91 11543.5 3.18379e-05 
782 1537.21 11541.2 3.29597e-05 
783 1539.52 11538.9 3.13485e-05 
784 1541.82 11536.6 3.2201e-05 
785 1544.13 11534.3 3.43745e-05 
786 1546.43 11532 3.53005e-05 
787 1548.73 11529.7 3.55243e-05 
788 1551.03 11527.4 3.55572e-05 
789 1553.33 11525.1 3.41113e-05 
790 1555.63 11522.8 3.1164e-05 
791 1557.93 11520.5 3.06235e-05 
792 1560.23 11518.2 2.80841e-05 
793 1562.52 11515.9 2.69916e-05 
794 1564.82 11513.6 2.81021e-05 
795 1567.12 11511.3 2.62814e-05 
796 1569.41 11509 2.82299e-05 
797 1571.71 11506.7 3.0357e-05 
798 1574.01 11504.4 3.09639e-05 
799 1576.3 11502.1 3.19721e-05 
800 1578.6 11499.8 2.88521e-05 
801 1580.89 11497.5 2.93411e-05 
802 1583.18 11495.2 2.88104e-05 
803 1585.46 11493 2.99853e-05 
804 1587.75 11490.7 2.94393e-05 
805 1590.03 11488.4 2.96606e-05 
806 1592.32 11486.1 3.07578e-05 
807 1594.6 11483.8 3.22064e-05 
808 1596.88 11481.5 3.4767e-05 
809 1599.16 11479.3 3.52527e-05 
810 1601.44 11477 3.76218e-05 
811 1603.73 11474.7 3.61736e-05 
812 1606.01 11472.4 3.75106e-05 
813 1608.29 11470.1 3.63431e-05 
814 1610.57 11467.8 3.85275e-05 
815 1612.85 11465.6 3.96471e-05 
816 1615.13 11463.3 3.97873e-05 
817 1617.41 11461 4.23294e-05 
818 1619.69 11458.7 4.21013e-05 
819 1621.97 11456.5 4.37558e-05 
820 1624.24 11454.2 4.23778e-05 
821 1626.52 11451.9 4.11375e-05 
822 1628.79 11449.6 4.33545e-05 
823 1631.06 11447.4 4.37587e-05 
824 1633.34 11445.1 4.55561e-05 
825 1635.61 11442.8 4.68561e-05 
826 1637.89 11440.5 4.76787e-05 
827 1640.16 11438.3 4.95079e-05 
828 1642.43 11436 4.85174e-05 
829 1644.7 11433.7 4.86534e-05 
830 1646.97 11431.5 4.84481e-05 
831 1649.24 11429.2 4.43259e-05 
832 1651.51 11426.9 4.31882e-05 
833 1653.78 11424.6 4.37652e-05 
834 1656.05 11422.4 4.25149e-05 
835 1658.32 11420.1 4.15584e-05 
836 1660.59 11417.8 4.03271e-05 
837 1662.86 11415.6 3.93785e-05 
838 1665.13 11413.3 4.03355e-05 
839 1667.4 11411 4.01796e-05 
840 1669.67 11408.8 4.4611e-05 
841 1671.93 11406.5 4.33725e-05 
842 1674.2 11404.2 4.30841e-05 
843 1676.47 11402 4.17588e-05 
844 1678.73 11399.7 4.1867e-05 
845 1681 11397.4 4.01649e-05 
846 1683.27 11395.2 3.93705e-05 
847 1685.53 11392.9 4.1515e-05 
848 1687.8 11390.6 4.24958e-05 
849 1690.07 11388.3 4.2283e-05 
850 1692.34 11386.1 4.22794e-05 
851 1694.61 11383.8 4.16801e-05 
852 1696.88 11381.5 4.18379e-05 
853 1699.15 11379.3 4.26084e-05 
854 1701.42 11377 4.18694e-05 
855 1703.69 11374.7 4.44168e-05 
856 1705.96 11372.5 4.53625e-05 
857 1708.23 11370.2 4.63479e-05 
858 1710.5 11367.9 4.63191e-05 
859 1712.76 11365.7 4.65621e-05 
860 1715.03 11363.4 4.57398e-05 
861 1717.3 11361.1 4.89435e-05 
862 1719.57 11358.8 4.90644e-05 
863 1721.84 11356.6 4.85998e-05 
864 1724.11 11354.3 5.09164e-05 
865 1726.38 11352 5.21987e-05 
866 1728.66 11349.8 5.31154e-05 
867 1730.93 11347.5 4.95458e-05 
868 1733.2 11345.2 5.17886e-05 
869 1735.47 11343 5.09863e-05 
870 1737.73 11340.7 5.34093e-05 
871 1740 11338.4 5.3434e-05 
872 1742.27 11336.1 5.46602e-05 
873 1744.54 11333.9 5.29731e-05 
874 1746.81 11331.6 5.28323e-05 
875 1749.08 11329.3 5.28696e-05 
876 1751.35 11327.1 4.97741e-05 
877 1753.62 11324.8 4.98388e-05 
878 1755.89 11322.5 4.85296e-05 
879 1758.15 11320.3 5.01022e-05 
880 1760.41 11318 4.92618e-05 
881 1762.67 11315.7 4.8565e-05 
882 1764.94 11313.5 4.81655e-05 
883 1767.2 11311.2 4.65177e-05 
884 1769.46 11309 4.65193e-05 
885 1771.72 11306.7 4.7753e-05 
886 1773.98 11304.4 4.51234e-05 
887 1776.25 11302.2 4.65143e-05 
888 1778.51 11299.9 4.74088e-05 
889 1780.77 11297.7 4.54626e-05 
890 1783.03 11295.4 4.6942e-05 
891 1785.28 11293.1 4.51869e-05 
892 1787.54 11290.9 4.39059e-05 
893 1789.79 11288.6 4.53545e-05 
894 1792.05 11286.4 4.59781e-05 
895 1794.3 11284.1 4.66716e-05 
896 1796.56 11281.9 4.67496e-05 
897 1798.81 11279.6 4.47182e-05 
898 1801.07 11277.4 4.81345e-05 
899 1803.32 11275.1 4.66852e-05 
900 1805.58 11272.8 4.84147e-05 
901 1807.83 11270.6 4.74939e-05 
902 1810.09 11268.3 4.87389e-05 
903 1812.34 11266.1 4.72632e-05 
904 1814.6 11263.8 4.73914e-05 
905 1816.86 11261.6 4.82362e-05 
906 1819.11 11259.3 4.44928e-05 
907 1821.37 11257 4.46019e-05 
908 1823.63 11254.8 4.65477e-05 
909 1825.89 11252.5 4.75838e-05 
910 1828.15 11250.3 4.64491e-05 
911 1830.41 11248 4.3668e-05 
912 1832.67 11245.7 4.32767e-05 
913 1834.93 11243.5 4.43e-05 
914 1837.19 11241.2 4.23895e-05 
915 1839.45 11239 3.85786e-05 
916 1841.71 11236.7 4.08584e-05 
917 1843.97 11234.5 3.94033e-05 
918 1846.22 11232.2 3.68037e-05 
919 1848.48 11229.9 3.64944e-05 
920 1850.74 11227.7 3.41056e-05 
921 1853 11225.4 3.49448e-05 
922 1855.26 11223.2 3.68491e-05 
923 1857.53 11220.9 3.69089e-05 
924 1859.79 11218.6 3.7124e-05 
925 1862.04 11216.4 3.51593e-05 
926 1864.31 11214.1 3.57229e-05 
927 1866.57 11211.9 3.67046e-05 
928 1868.83 11209.6 3.78559e-05 
929 1871.09 11207.3 3.75964e-05 
930 1873.36 11205.1 3.61339e-05 
931 1875.62 11202.8 3.36654e-05 
932 1877.89 11200.5 3.48711e-05 
933 1880.15 11198.3 3.70853e-05 
934 1882.41 11196 3.90821e-05 
935 1884.68 11193.7 3.79551e-05 
936 1886.95 11191.5 3.6785e-05 
937 1889.21 11189.2 3.50627e-05 
938 1891.48 11186.9 3.7859e-05 
939 1893.74 11184.7 3.67911e-05 
940 1896.01 11182.4 3.70292e-05 
941 1898.28 11180.1 3.78742e-05 
942 1900.54 11177.9 3.66261e-05 
943 1902.81 11175.6 3.77419e-05 
944 1905.07 11173.3 3.69844e-05 
945 1907.34 11171.1 3.73785e-05 
946 1909.61 11168.8 3.93941e-05 
947 1911.88 11166.5 4.08118e-05 
948 1914.15 11164.3 3.77292e-05 
949 1916.42 11162 3.57832e-05 
950 1918.69 11159.7 3.58597e-05 
951 1920.96 11157.5 3.45876e-05 
952 1923.22 11155.2 3.57393e-05 
953 1925.49 11152.9 3.4527e-05 
954 1927.77 11150.7 3.34512e-05 
955 1930.04 11148.4 3.34844e-05 
956 1932.31 11146.1 3.49681e-05 
957 1934.58 11143.8 3.53251e-05 
958 1936.86 11141.6 3.53472e-05 
959 1939.13 11139.3 3.58031e-05 
960 1941.4 11137 3.60089e-05 
961 1943.68 11134.7 3.64915e-05 
962 1945.95 11132.5 3.71127e-05 
963 1948.22 11130.2 3.90611e-05 
964 1950.49 11127.9 3.73607e-05 
965 1952.77 11125.7 3.69847e-05 
966 1955.04 11123.4 3.67394e-05 
967 1957.31 11121.1 3.56338e-05 
968 1959.59 11118.8 3.56336e-05 
969 1961.87 11116.6 3.79498e-05 
970 1964.14 11114.3 3.848e-05 
971 1966.42 11112 4.1321e-05 
972 1968.69 11109.7 4.45133e-05 
973 1970.97 11107.5 4.63367e-05 
974 1973.24 11105.2 5.017e-05 
975 1975.52 11102.9 5.11368e-05 
976 1977.8 11100.6 5.09807e-05 
977 1980.07 11098.3 5.15376e-05 
978 1982.35 11096.1 5.29604e-05 
979 1984.62 11093.8 5.67734e-05 
980 1986.9 11091.5 5.72244e-05 
981 1989.17 11089.2 5.96102e-05 
982 1991.45 11087 5.92979e-05 
983 1993.72 11084.7 5.77966e-05 
984 1996 11082.4 5.73181e-05 
985 1998.27 11080.1 5.54936e-05 
986 2000.55 11077.9 5.40253e-05 
987 2002.82 11075.6 5.50672e-05 
988 2005.1 11073.3 5.10956e-05 
989 2007.38 11071 4.91062e-05 
990 2009.65 11068.8 5.03028e-05 
991 2011.93 11066.5 5.07702e-05 
992 2014.21 11064.2 5.25684e-05 
993 2016.49 11061.9 5.2281e-05 
994 2018.77 11059.6 4.91244e-05 
995 2021.05 11057.4 4.82787e-05 
996 2023.33 11055.1 4.70704e-05 
997 2025.61 11052.8 4.65785e-05 
998 2027.89 11050.5 4.50333e-05 
999 2030.17 11048.3 4.73118e-05 
