0 0.0412591 13246.3 7.07075e-09 
1 0.164988 13246.2 5.4957e-09 
2 0.371013 13246 -2.22551e-08 
3 0.658998 13245.7 -4.37295e-08 
4 1.02846 13245.3 -4.17337e-08 
5 1.47874 13244.9 -2.59191e-08 
6 2.00905 13244.3 -4.22557e-08 
7 2.61845 13243.7 -1.36013e-07 
8 3.30583 13243 -1.82054e-07 
9 4.06996 13242.3 -2.5812e-07 
10 4.90948 13241.4 -2.90669e-07 
11 5.82287 13240.5 -3.09433e-07 
12 6.80851 13239.5 -2.38661e-07 
13 7.86465 13238.5 -2.71816e-07 
14 8.98943 13237.4 -1.12565e-07 
15 10.1809 13236.2 -2.45286e-07 
16 11.4369 13234.9 -3.10558e-07 
17 12.7554 13233.6 -4.01618e-07 
18 14.1341 13232.2 -3.88257e-07 
19 15.5707 13230.8 -1.26033e-07 
20 17.0628 13229.3 -3.55618e-07 
21 18.6079 13227.7 -4.41205e-07 
22 20.2036 13226.1 -6.76175e-07 
23 21.8473 13224.5 -7.9295e-07 
24 23.5365 13222.8 -7.20601e-07 
25 25.2687 13221.1 -4.77855e-07 
26 27.0412 13219.3 -2.43963e-07 
27 28.8516 13217.5 -4.53174e-07 
28 30.6973 13215.7 -7.33653e-07 
29 32.5759 13213.8 -6.34275e-07 
30 34.4847 13211.9 -6.6909e-07 
31 36.4214 13209.9 -4.46659e-07 
32 38.3836 13208 -8.15913e-07 
33 40.369 13206 -1.06526e-06 
34 42.3751 13204 -1.53125e-06 
35 44.3999 13201.9 -1.66969e-06 
36 46.4413 13199.9 -1.83451e-06 
37 48.4973 13197.9 -2.0341e-06 
38 50.566 13195.8 -2.29374e-06 
39 52.6456 13193.7 -2.55336e-06 
40 54.7343 13191.6 -1.95274e-06 
41 56.8306 13189.5 -1.83134e-06 
42 58.9328 13187.4 -1.92934e-06 
43 61.0395 13185.3 -1.89533e-06 
44 63.1493 13183.2 -1.80156e-06 
45 65.2607 13181.1 -2.08778e-06 
46 67.3727 13179 -2.2373e-06 
47 69.484 13176.9 -2.87155e-06 
48 71.5939 13174.8 -2.50857e-06 
49 73.7015 13172.6 -2.42865e-06 
50 75.806 13170.5 -2.54319e-06 
51 77.9068 13168.4 -2.68572e-06 
52 80.0033 13166.3 -2.30175e-06 
53 82.0949 13164.3 -2.01345e-06 
54 84.1813 13162.2 -2.24115e-06 
55 86.262 13160.1 -2.68702e-06 
56 88.3368 13158 -3.06541e-06 
57 90.4052 13155.9 -2.79332e-06 
58 92.4671 13153.9 -3.22405e-06 
59 94.5222 13151.8 -2.67093e-06 
60 96.5705 13149.8 -2.83361e-06 
61 98.6119 13147.7 -3.12269e-06 
62 100.646 13145.7 -3.70905e-06 
63 102.674 13143.7 -3.72208e-06 
64 104.695 13141.7 -4.34468e-06 
65 106.71 13139.6 -4.55181e-06 
66 108.718 13137.6 -4.52255e-06 
67 110.721 13135.6 -3.7983e-06 
68 112.717 13133.6 -3.87555e-06 
69 114.707 13131.6 -4.51083e-06 
70 116.692 13129.7 -4.59588e-06 
71 118.672 13127.7 -4.93129e-06 
72 120.646 13125.7 -4.16719e-06 
73 122.616 13123.7 -3.89559e-06 
74 124.581 13121.8 -3.085e-06 
75 126.542 13119.8 -3.04827e-06 
76 128.498 13117.9 -3.46945e-06 
77 130.45 13115.9 -3.1742e-06 
78 132.399 13114 -3.58923e-06 
79 134.344 13112 -3.30241e-06 
80 136.285 13110.1 -3.32835e-06 
81 138.224 13108.1 -4.33016e-06 
82 140.16 13106.2 -4.48842e-06 
83 142.093 13104.3 -4.38231e-06 
84 144.025 13102.3 -4.01305e-06 
85 145.954 13100.4 -3.83693e-06 
86 147.883 13098.5 -3.8167e-06 
87 149.81 13096.5 -4.09409e-06 
88 151.735 13094.6 -4.08638e-06 
89 153.661 13092.7 -4.37362e-06 
90 155.585 13090.8 -4.6175e-06 
91 157.509 13088.8 -4.81035e-06 
92 159.434 13086.9 -5.36646e-06 
93 161.358 13085 -5.59715e-06 
94 163.282 13083.1 -6.18773e-06 
95 165.207 13081.1 -6.49964e-06 
96 167.132 13079.2 -5.98841e-06 
97 169.058 13077.3 -6.10442e-06 
98 170.985 13075.4 -5.81603e-06 
99 172.913 13073.4 -6.1834e-06 
100 174.842 13071.5 -6.36104e-06 
101 176.773 13069.6 -6.56761e-06 
102 178.704 13067.6 -6.50569e-06 
103 180.638 13065.7 -6.13571e-06 
104 182.573 13063.8 -7.06924e-06 
105 184.509 13061.8 -7.26575e-06 
106 186.447 13059.9 -7.94947e-06 
107 188.387 13058 -7.99503e-06 
108 190.328 13056 -8.28507e-06 
109 192.272 13054.1 -7.18725e-06 
110 194.217 13052.1 -7.05968e-06 
111 196.164 13050.2 -6.74389e-06 
112 198.114 13048.2 -6.29476e-06 
113 200.066 13046.3 -7.44722e-06 
114 202.019 13044.3 -7.75988e-06 
115 203.975 13042.4 -8.63474e-06 
116 205.934 13040.4 -8.32293e-06 
117 207.894 13038.5 -7.77954e-06 
118 209.857 13036.5 -7.70973e-06 
119 211.822 13034.5 -7.8539e-06 
120 213.789 13032.6 -8.13215e-06 
121 215.759 13030.6 -8.69036e-06 
122 217.73 13028.6 -9.11269e-06 
123 219.704 13026.6 -9.35244e-06 
124 221.679 13024.7 -8.97392e-06 
125 223.656 13022.7 -8.72964e-06 
126 225.635 13020.7 -9.08675e-06 
127 227.616 13018.7 -9.62614e-06 
128 229.598 13016.8 -9.75833e-06 
129 231.582 13014.8 -1.02388e-05 
130 233.567 13012.8 -9.26548e-06 
131 235.554 13010.8 -9.77862e-06 
132 237.542 13008.8 -1.00801e-05 
133 239.531 13006.8 -9.96852e-06 
134 241.522 13004.8 -9.21773e-06 
135 243.514 13002.8 -9.6902e-06 
136 245.507 13000.8 -1.02592e-05 
137 247.5 12998.9 -1.06797e-05 
138 249.495 12996.9 -1.09076e-05 
139 251.49 12994.9 -1.14325e-05 
140 253.485 12992.9 -1.13108e-05 
141 255.48 12990.9 -1.17541e-05 
142 257.476 12988.9 -1.1219e-05 
143 259.471 12986.9 -1.21921e-05 
144 261.465 12984.9 -1.29402e-05 
145 263.459 12982.9 -1.23136e-05 
146 265.453 12980.9 -1.18495e-05 
147 267.445 12978.9 -1.18043e-05 
148 269.437 12976.9 -1.18097e-05 
149 271.427 12974.9 -1.26279e-05 
150 273.416 12972.9 -1.31586e-05 
151 275.403 12971 -1.25808e-05 
152 277.388 12969 -1.32691e-05 
153 279.37 12967 -1.20267e-05 
154 281.351 12965 -1.15823e-05 
155 283.328 12963 -1.1606e-05 
156 285.303 12961.1 -1.22316e-05 
157 287.274 12959.1 -1.22998e-05 
158 289.242 12957.1 -1.33389e-05 
159 291.206 12955.1 -1.40994e-05 
160 293.166 12953.2 -1.43545e-05 
161 295.121 12951.2 -1.42887e-05 
162 297.072 12949.3 -1.31945e-05 
163 299.018 12947.3 -1.31713e-05 
164 300.96 12945.4 -1.35472e-05 
165 302.896 12943.5 -1.34142e-05 
166 304.828 12941.5 -1.28199e-05 
167 306.754 12939.6 -1.25976e-05 
168 308.675 12937.7 -1.22943e-05 
169 310.591 12935.8 -1.21413e-05 
170 312.501 12933.9 -1.21595e-05 
171 314.407 12931.9 -1.05181e-05 
172 316.306 12930 -1.07247e-05 
173 318.2 12928.2 -9.75487e-06 
174 320.089 12926.3 -8.90151e-06 
175 321.973 12924.4 -8.26534e-06 
176 323.851 12922.5 -9.18031e-06 
177 325.724 12920.6 -9.16926e-06 
178 327.592 12918.8 -9.9939e-06 
179 329.456 12916.9 -9.65381e-06 
180 331.316 12915 -1.07481e-05 
181 333.171 12913.2 -1.03622e-05 
182 335.022 12911.3 -1.03269e-05 
183 336.87 12909.5 -1.08591e-05 
184 338.715 12907.6 -1.00467e-05 
185 340.557 12905.8 -1.02803e-05 
186 342.397 12904 -1.00578e-05 
187 344.234 12902.1 -1.04584e-05 
188 346.071 12900.3 -1.13735e-05 
189 347.907 12898.4 -1.09631e-05 
190 349.742 12896.6 -1.13186e-05 
191 351.577 12894.8 -1.1617e-05 
192 353.414 12892.9 -1.23126e-05 
193 355.251 12891.1 -1.26127e-05 
194 357.09 12889.3 -1.29493e-05 
195 358.931 12887.4 -1.31525e-05 
196 360.775 12885.6 -1.29824e-05 
197 362.623 12883.7 -1.30187e-05 
198 364.474 12881.9 -1.36398e-05 
199 366.329 12880 -1.17714e-05 
200 368.19 12878.2 -1.11956e-05 
201 370.055 12876.3 -1.15308e-05 
202 371.926 12874.4 -1.10256e-05 
203 373.804 12872.6 -1.07163e-05 
204 375.688 12870.7 -1.1327e-05 
205 377.58 12868.8 -1.21199e-05 
206 379.478 12866.9 -1.13584e-05 
207 381.385 12865 -1.15071e-05 
208 383.299 12863.1 -1.18755e-05 
209 385.222 12861.1 -1.18081e-05 
210 387.153 12859.2 -1.0781e-05 
211 389.092 12857.3 -1.08208e-05 
212 391.04 12855.3 -1.14735e-05 
213 392.996 12853.4 -1.15637e-05 
214 394.961 12851.4 -1.12914e-05 
215 396.934 12849.4 -1.18052e-05 
216 398.915 12847.4 -1.13222e-05 
217 400.905 12845.4 -1.00661e-05 
218 402.902 12843.5 -1.02148e-05 
219 404.907 12841.4 -1.01223e-05 
220 406.918 12839.4 -9.51635e-06 
221 408.936 12837.4 -9.66731e-06 
222 410.96 12835.4 -9.67707e-06 
223 412.99 12833.4 -9.60158e-06 
224 415.023 12831.3 -1.02511e-05 
225 417.061 12829.3 -1.04298e-05 
226 419.101 12827.3 -1.02947e-05 
227 421.144 12825.2 -1.07639e-05 
228 423.188 12823.2 -1.05832e-05 
229 425.233 12821.1 -9.80037e-06 
230 427.277 12819.1 -1.15357e-05 
231 429.321 12817 -1.11779e-05 
232 431.362 12815 -1.07855e-05 
233 433.401 12813 -1.203e-05 
234 435.436 12810.9 -1.14656e-05 
235 437.466 12808.9 -1.04946e-05 
236 439.492 12806.9 -1.16607e-05 
237 441.511 12804.8 -1.17321e-05 
238 443.524 12802.8 -1.19109e-05 
239 445.529 12800.8 -1.17965e-05 
240 447.527 12798.8 -1.00859e-05 
241 449.515 12796.8 -1.04166e-05 
242 451.495 12794.9 -1.00209e-05 
243 453.464 12792.9 -1.09085e-05 
244 455.424 12790.9 -9.85199e-06 
245 457.374 12789 -9.07285e-06 
246 459.313 12787 -8.46818e-06 
247 461.241 12785.1 -6.93467e-06 
248 463.159 12783.2 -5.8476e-06 
249 465.066 12781.3 -6.68107e-06 
250 466.962 12779.4 -6.15722e-06 
251 468.848 12777.5 -5.8208e-06 
252 470.724 12775.6 -6.13311e-06 
253 472.589 12773.8 -7.13599e-06 
254 474.445 12771.9 -6.34288e-06 
255 476.292 12770.1 -5.68368e-06 
256 478.13 12768.2 -5.66115e-06 
257 479.96 12766.4 -5.8199e-06 
258 481.783 12764.6 -5.93848e-06 
259 483.598 12762.8 -6.11825e-06 
260 485.408 12760.9 -5.98019e-06 
261 487.213 12759.1 -6.30771e-06 
262 489.013 12757.3 -6.56196e-06 
263 490.81 12755.5 -7.90539e-06 
264 492.604 12753.8 -8.04851e-06 
265 494.396 12752 -7.97708e-06 
266 496.187 12750.2 -7.55561e-06 
267 497.978 12748.4 -8.97827e-06 
268 499.771 12746.6 -8.06561e-06 
269 501.565 12744.8 -7.87955e-06 
270 503.362 12743 -8.48652e-06 
271 505.163 12741.2 -7.22279e-06 
272 506.969 12739.4 -6.93721e-06 
273 508.781 12737.6 -6.92208e-06 
274 510.6 12735.8 -6.71213e-06 
275 512.426 12733.9 -6.82225e-06 
276 514.26 12732.1 -7.30003e-06 
277 516.102 12730.3 -7.2575e-06 
278 517.955 12728.4 -7.63459e-06 
279 519.817 12726.5 -7.01981e-06 
280 521.69 12724.7 -8.74224e-06 
281 523.574 12722.8 -1.00295e-05 
282 525.47 12720.9 -8.94258e-06 
283 527.378 12719 -1.06504e-05 
284 529.297 12717.1 -1.01835e-05 
285 531.228 12715.1 -1.07861e-05 
286 533.172 12713.2 -1.14917e-05 
287 535.128 12711.2 -1.07357e-05 
288 537.095 12709.3 -1.20062e-05 
289 539.074 12707.3 -1.17764e-05 
290 541.065 12705.3 -1.16978e-05 
291 543.066 12703.3 -1.16361e-05 
292 545.077 12701.3 -1.24332e-05 
293 547.097 12699.3 -1.29869e-05 
294 549.126 12697.2 -1.18015e-05 
295 551.164 12695.2 -1.14831e-05 
296 553.208 12693.1 -1.21234e-05 
297 555.258 12691.1 -1.30657e-05 
298 557.313 12689 -1.36384e-05 
299 559.373 12687 -1.4931e-05 
300 561.435 12684.9 -1.64184e-05 
301 563.499 12682.9 -1.71295e-05 
302 565.564 12680.8 -1.71248e-05 
303 567.629 12678.7 -1.69315e-05 
304 569.692 12676.7 -1.65379e-05 
305 571.752 12674.6 -1.63459e-05 
306 573.808 12672.5 -1.62023e-05 
307 575.859 12670.5 -1.74628e-05 
308 577.903 12668.5 -1.74345e-05 
309 579.941 12666.4 -1.79031e-05 
310 581.969 12664.4 -1.77265e-05 
311 583.989 12662.4 -1.65154e-05 
312 585.999 12660.4 -1.83085e-05 
313 587.998 12658.4 -1.93129e-05 
314 589.987 12656.4 -1.91614e-05 
315 591.963 12654.4 -1.91239e-05 
316 593.928 12652.4 -1.95639e-05 
317 595.88 12650.5 -1.9431e-05 
318 597.82 12648.5 -1.91389e-05 
319 599.748 12646.6 -1.83361e-05 
320 601.662 12644.7 -1.86576e-05 
321 603.565 12642.8 -1.9455e-05 
322 605.455 12640.9 -2.06168e-05 
323 607.333 12639 -2.19642e-05 
324 609.2 12637.2 -2.14322e-05 
325 611.056 12635.3 -2.23125e-05 
326 612.901 12633.5 -2.23837e-05 
327 614.737 12631.6 -2.28016e-05 
328 616.564 12629.8 -2.13605e-05 
329 618.383 12628 -2.13845e-05 
330 620.195 12626.2 -2.04341e-05 
331 622.001 12624.4 -1.97791e-05 
332 623.801 12622.6 -1.95371e-05 
333 625.597 12620.8 -1.96679e-05 
334 627.39 12619 -2.05437e-05 
335 629.18 12617.2 -2.11388e-05 
336 630.97 12615.4 -2.17692e-05 
337 632.76 12613.6 -2.03084e-05 
338 634.552 12611.8 -2.00444e-05 
339 636.346 12610 -2.07009e-05 
340 638.143 12608.2 -1.94404e-05 
341 639.946 12606.4 -2.07096e-05 
342 641.754 12604.6 -2.05047e-05 
343 643.569 12602.8 -1.88147e-05 
344 645.393 12601 -2.02218e-05 
345 647.225 12599.1 -1.85904e-05 
346 649.067 12597.3 -1.91519e-05 
347 650.92 12595.4 -1.84806e-05 
348 652.785 12593.6 -1.8075e-05 
349 654.662 12591.7 -1.71678e-05 
350 656.552 12589.8 -1.80523e-05 
351 658.455 12587.9 -1.78509e-05 
352 660.372 12586 -1.7665e-05 
353 662.304 12584.1 -1.6418e-05 
354 664.25 12582.1 -1.71154e-05 
355 666.211 12580.1 -1.86038e-05 
356 668.186 12578.2 -1.63111e-05 
357 670.177 12576.2 -1.67406e-05 
358 672.182 12574.2 -1.69872e-05 
359 674.201 12572.2 -1.6959e-05 
360 676.235 12570.1 -1.60848e-05 
361 678.282 12568.1 -1.75517e-05 
362 680.342 12566 -1.49141e-05 
363 682.414 12563.9 -1.46357e-05 
364 684.499 12561.9 -1.48956e-05 
365 686.594 12559.8 -1.46353e-05 
366 688.7 12557.7 -1.39177e-05 
367 690.814 12555.5 -1.49892e-05 
368 692.936 12553.4 -1.51755e-05 
369 695.064 12551.3 -1.52447e-05 
370 697.197 12549.2 -1.61897e-05 
371 699.334 12547 -1.79698e-05 
372 701.472 12544.9 -1.77994e-05 
373 703.611 12542.7 -1.80153e-05 
374 705.748 12540.6 -1.82751e-05 
375 707.882 12538.5 -1.89648e-05 
376 710.011 12536.3 -1.97015e-05 
377 712.134 12534.2 -1.98674e-05 
378 714.249 12532.1 -2.01579e-05 
379 716.356 12530 -2.00838e-05 
380 718.452 12527.9 -1.89597e-05 
381 720.537 12525.8 -2.01005e-05 
382 722.61 12523.7 -2.07281e-05 
383 724.669 12521.7 -2.13493e-05 
384 726.714 12519.6 -2.19604e-05 
385 728.744 12517.6 -2.09749e-05 
386 730.758 12515.6 -1.9947e-05 
387 732.756 12513.6 -2.0639e-05 
388 734.737 12511.6 -2.12683e-05 
389 736.7 12509.7 -1.99677e-05 
390 738.645 12507.7 -2.05788e-05 
391 740.573 12505.8 -2.02091e-05 
392 742.482 12503.9 -1.83775e-05 
393 744.374 12502 -1.8385e-05 
394 746.249 12500.1 -1.83809e-05 
395 748.107 12498.2 -1.75244e-05 
396 749.949 12496.4 -1.6901e-05 
397 751.775 12494.6 -1.51803e-05 
398 753.586 12492.8 -1.38166e-05 
399 755.384 12491 -1.46138e-05 
400 757.169 12489.2 -1.53353e-05 
401 758.942 12487.4 -1.33403e-05 
402 760.705 12485.7 -1.48468e-05 
403 762.459 12483.9 -1.21965e-05 
404 764.205 12482.2 -1.37141e-05 
405 765.945 12480.4 -1.39726e-05 
406 767.679 12478.7 -1.24852e-05 
407 769.41 12476.9 -1.29455e-05 
408 771.138 12475.2 -1.43112e-05 
409 772.865 12473.5 -1.38511e-05 
410 774.592 12471.8 -1.4113e-05 
411 776.32 12470 -1.38323e-05 
412 778.051 12468.3 -1.36844e-05 
413 779.787 12466.6 -1.5606e-05 
414 781.527 12464.8 -1.55205e-05 
415 783.273 12463.1 -1.45127e-05 
416 785.028 12461.3 -1.26133e-05 
417 786.79 12459.6 -1.25917e-05 
418 788.563 12457.8 -1.3845e-05 
419 790.346 12456 -1.43539e-05 
420 792.14 12454.2 -1.46243e-05 
421 793.947 12452.4 -1.63968e-05 
422 795.766 12450.6 -1.65952e-05 
423 797.599 12448.8 -1.5017e-05 
424 799.447 12446.9 -1.48903e-05 
425 801.308 12445 -1.80507e-05 
426 803.185 12443.2 -1.95386e-05 
427 805.077 12441.3 -2.09335e-05 
428 806.984 12439.4 -2.06533e-05 
429 808.907 12437.4 -2.10713e-05 
430 810.845 12435.5 -2.13531e-05 
431 812.798 12433.6 -2.14064e-05 
432 814.766 12431.6 -2.17986e-05 
433 816.749 12429.6 -2.23161e-05 
434 818.746 12427.6 -2.14135e-05 
435 820.756 12425.6 -2.12292e-05 
436 822.779 12423.6 -2.05082e-05 
437 824.815 12421.5 -2.15328e-05 
438 826.863 12419.5 -2.20071e-05 
439 828.921 12417.4 -2.26126e-05 
440 830.99 12415.4 -2.3677e-05 
441 833.067 12413.3 -2.32545e-05 
442 835.152 12411.2 -2.38429e-05 
443 837.243 12409.1 -2.41032e-05 
444 839.34 12407 -2.41915e-05 
445 841.441 12404.9 -2.3624e-05 
446 843.544 12402.8 -2.34947e-05 
447 845.648 12400.7 -2.486e-05 
448 847.752 12398.6 -2.50468e-05 
449 849.854 12396.5 -2.62518e-05 
450 851.953 12394.4 -2.70104e-05 
451 854.048 12392.3 -2.70151e-05 
452 856.136 12390.2 -2.79172e-05 
453 858.217 12388.1 -2.79055e-05 
454 860.291 12386.1 -2.87333e-05 
455 862.355 12384 -2.89466e-05 
456 864.409 12381.9 -2.8357e-05 
457 866.452 12379.9 -2.72853e-05 
458 868.485 12377.9 -2.62389e-05 
459 870.505 12375.9 -2.61563e-05 
460 872.513 12373.8 -2.65209e-05 
461 874.509 12371.8 -2.59043e-05 
462 876.492 12369.9 -2.63745e-05 
463 878.461 12367.9 -2.60937e-05 
464 880.417 12365.9 -2.5878e-05 
465 882.36 12364 -2.62611e-05 
466 884.29 12362.1 -2.65825e-05 
467 886.207 12360.1 -2.79875e-05 
468 888.111 12358.2 -2.84868e-05 
469 890.002 12356.4 -2.9011e-05 
470 891.881 12354.5 -2.75432e-05 
471 893.749 12352.6 -2.58859e-05 
472 895.606 12350.7 -2.46801e-05 
473 897.452 12348.9 -2.39147e-05 
474 899.289 12347.1 -2.54898e-05 
475 901.116 12345.2 -2.73938e-05 
476 902.936 12343.4 -2.65371e-05 
477 904.748 12341.6 -2.72187e-05 
478 906.555 12339.8 -2.57073e-05 
479 908.356 12338 -2.54529e-05 
480 910.153 12336.2 -2.51298e-05 
481 911.948 12334.4 -2.51672e-05 
482 913.74 12332.6 -2.52467e-05 
483 915.531 12330.8 -2.39969e-05 
484 917.323 12329 -2.48613e-05 
485 919.115 12327.2 -2.38302e-05 
486 920.909 12325.4 -2.19615e-05 
487 922.706 12323.6 -2.14061e-05 
488 924.507 12321.8 -2.17214e-05 
489 926.312 12320 -2.00198e-05 
490 928.122 12318.2 -1.76021e-05 
491 929.938 12316.4 -1.64894e-05 
492 931.761 12314.6 -1.6602e-05 
493 933.591 12312.8 -1.65988e-05 
494 935.429 12310.9 -1.76856e-05 
495 937.275 12309.1 -1.68158e-05 
496 939.131 12307.2 -1.69309e-05 
497 940.996 12305.4 -1.63621e-05 
498 942.871 12303.5 -1.62488e-05 
499 944.757 12301.6 -1.50592e-05 
500 946.653 12299.7 -1.38037e-05 
501 948.561 12297.8 -1.39366e-05 
502 950.479 12295.9 -1.40777e-05 
503 952.409 12293.9 -1.57654e-05 
504 954.35 12292 -1.34689e-05 
505 956.302 12290.1 -1.40318e-05 
506 958.266 12288.1 -1.61509e-05 
507 960.24 12286.1 -1.54993e-05 
508 962.225 12284.1 -1.60162e-05 
509 964.221 12282.1 -1.55489e-05 
510 966.226 12280.1 -1.60944e-05 
511 968.242 12278.1 -1.55448e-05 
512 970.266 12276.1 -1.53054e-05 
513 972.298 12274.1 -1.42181e-05 
514 974.339 12272 -1.49661e-05 
515 976.386 12270 -1.47476e-05 
516 978.439 12267.9 -1.48033e-05 
517 980.498 12265.9 -1.31693e-05 
518 982.561 12263.8 -1.21715e-05 
519 984.627 12261.7 -1.20605e-05 
520 986.696 12259.7 -1.29419e-05 
521 988.766 12257.6 -1.29361e-05 
522 990.836 12255.5 -1.33059e-05 
523 992.906 12253.4 -1.38778e-05 
524 994.974 12251.4 -1.51474e-05 
525 997.039 12249.3 -1.61514e-05 
526 999.1 12247.3 -1.78222e-05 
527 1001.16 12245.2 -2.03693e-05 
528 1003.21 12243.1 -1.83683e-05 
529 1005.25 12241.1 -1.82669e-05 
530 1007.29 12239.1 -1.8011e-05 
531 1009.32 12237 -1.83277e-05 
532 1011.35 12235 -2.0153e-05 
533 1013.36 12233 -1.79717e-05 
534 1015.37 12231 -1.79066e-05 
535 1017.36 12229 -1.57685e-05 
536 1019.35 12227 -1.58954e-05 
537 1021.33 12225 -1.80994e-05 
538 1023.29 12223.1 -2.12457e-05 
539 1025.25 12221.1 -2.3999e-05 
540 1027.2 12219.2 -2.35126e-05 
541 1029.14 12217.2 -2.38213e-05 
542 1031.07 12215.3 -2.32953e-05 
543 1032.99 12213.4 -2.19162e-05 
544 1034.91 12211.4 -2.32009e-05 
545 1036.81 12209.5 -2.34705e-05 
546 1038.71 12207.6 -2.20629e-05 
547 1040.6 12205.8 -2.15597e-05 
548 1042.48 12203.9 -2.20889e-05 
549 1044.35 12202 -2.11163e-05 
550 1046.22 12200.1 -2.24718e-05 
551 1048.08 12198.3 -2.30689e-05 
552 1049.94 12196.4 -2.33239e-05 
553 1051.79 12194.6 -2.25827e-05 
554 1053.64 12192.7 -2.2041e-05 
555 1055.49 12190.9 -2.23558e-05 
556 1057.33 12189 -2.23628e-05 
557 1059.16 12187.2 -2.36123e-05 
558 1061 12185.4 -2.34138e-05 
559 1062.84 12183.5 -2.2468e-05 
560 1064.67 12181.7 -2.2676e-05 
561 1066.5 12179.9 -2.34342e-05 
562 1068.33 12178 -2.19344e-05 
563 1070.17 12176.2 -2.13418e-05 
564 1072 12174.4 -2.26659e-05 
565 1073.83 12172.5 -2.34097e-05 
566 1075.67 12170.7 -2.39043e-05 
567 1077.5 12168.9 -2.47751e-05 
568 1079.34 12167 -2.46052e-05 
569 1081.18 12165.2 -2.47933e-05 
570 1083.02 12163.3 -2.49756e-05 
571 1084.87 12161.5 -2.47799e-05 
572 1086.72 12159.6 -2.48843e-05 
573 1088.58 12157.8 -2.31472e-05 
574 1090.44 12155.9 -2.27871e-05 
575 1092.31 12154 -2.10859e-05 
576 1094.18 12152.2 -2.20695e-05 
577 1096.06 12150.3 -2.16212e-05 
578 1097.95 12148.4 -2.161e-05 
579 1099.84 12146.5 -1.87804e-05 
580 1101.74 12144.6 -1.6733e-05 
581 1103.65 12142.7 -1.72519e-05 
582 1105.56 12140.8 -1.73333e-05 
583 1107.48 12138.9 -1.56168e-05 
584 1109.41 12136.9 -1.45201e-05 
585 1111.34 12135 -1.43154e-05 
586 1113.28 12133.1 -1.452e-05 
587 1115.23 12131.1 -1.37642e-05 
588 1117.19 12129.2 -1.44162e-05 
589 1119.15 12127.2 -1.31829e-05 
590 1121.11 12125.2 -1.31297e-05 
591 1123.09 12123.3 -1.30139e-05 
592 1125.06 12121.3 -1.48771e-05 
593 1127.05 12119.3 -1.68718e-05 
594 1129.03 12117.3 -1.59529e-05 
595 1131.02 12115.3 -1.69737e-05 
596 1133.01 12113.3 -1.70342e-05 
597 1135.01 12111.3 -1.61286e-05 
598 1137 12109.4 -1.44213e-05 
599 1139 12107.4 -1.43368e-05 
600 1141 12105.4 -1.18225e-05 
601 1142.99 12103.4 -1.34669e-05 
602 1144.99 12101.4 -1.48047e-05 
603 1146.98 12099.4 -1.31518e-05 
604 1148.97 12097.4 -1.3945e-05 
605 1150.96 12095.4 -1.43592e-05 
606 1152.94 12093.4 -1.49978e-05 
607 1154.92 12091.4 -1.59329e-05 
608 1156.9 12089.5 -1.81716e-05 
609 1158.87 12087.5 -1.71086e-05 
610 1160.84 12085.5 -1.60877e-05 
611 1162.8 12083.6 -1.43577e-05 
612 1164.75 12081.6 -1.38141e-05 
613 1166.7 12079.7 -1.30445e-05 
614 1168.65 12077.7 -1.21169e-05 
615 1170.58 12075.8 -1.45723e-05 
616 1172.51 12073.8 -1.48628e-05 
617 1174.43 12071.9 -1.45955e-05 
618 1176.35 12070 -1.4108e-05 
619 1178.26 12068.1 -1.42007e-05 
620 1180.16 12066.2 -1.25822e-05 
621 1182.06 12064.3 -1.37844e-05 
622 1183.95 12062.4 -1.34511e-05 
623 1185.84 12060.5 -1.33343e-05 
624 1187.72 12058.6 -1.56137e-05 
625 1189.6 12056.8 -1.35017e-05 
626 1191.47 12054.9 -1.42555e-05 
627 1193.34 12053 -1.38018e-05 
628 1195.21 12051.1 -1.31568e-05 
629 1197.08 12049.3 -1.34602e-05 
630 1198.94 12047.4 -1.10064e-05 
631 1200.8 12045.6 -1.09376e-05 
632 1202.65 12043.7 -1.13968e-05 
633 1204.51 12041.8 -1.17913e-05 
634 1206.37 12040 -1.10484e-05 
635 1208.22 12038.1 -1.04376e-05 
636 1210.07 12036.3 -8.846e-06 
637 1211.93 12034.4 -8.81157e-06 
638 1213.78 12032.6 -9.84645e-06 
639 1215.64 12030.7 -8.69844e-06 
640 1217.5 12028.9 -1.03249e-05 
641 1219.36 12027 -9.65155e-06 
642 1221.22 12025.1 -8.70778e-06 
643 1223.09 12023.3 -9.49986e-06 
644 1224.95 12021.4 -1.01113e-05 
645 1226.83 12019.5 -9.3868e-06 
646 1228.7 12017.7 -7.51499e-06 
647 1230.58 12015.8 -7.07436e-06 
648 1232.46 12013.9 -8.27943e-06 
649 1234.35 12012 -8.70671e-06 
650 1236.24 12010.1 -9.88759e-06 
651 1238.13 12008.2 -1.15549e-05 
652 1240.03 12006.3 -1.18788e-05 
653 1241.93 12004.4 -8.93712e-06 
654 1243.84 12002.5 -7.75813e-06 
655 1245.75 12000.6 -7.2356e-06 
656 1247.67 11998.7 -4.75005e-06 
657 1249.59 11996.8 -6.58187e-06 
658 1251.51 11994.8 -6.62729e-06 
659 1253.44 11992.9 -7.35301e-06 
660 1255.37 11991 -8.98746e-06 
661 1257.31 11989 -8.2421e-06 
662 1259.25 11987.1 -7.11219e-06 
663 1261.2 11985.2 -6.96426e-06 
664 1263.15 11983.2 -6.48153e-06 
665 1265.1 11981.2 -8.16715e-06 
666 1267.06 11979.3 -7.06924e-06 
667 1269.03 11977.3 -7.7315e-06 
668 1270.99 11975.4 -6.50423e-06 
669 1272.96 11973.4 -4.86845e-06 
670 1274.93 11971.4 -5.44486e-06 
671 1276.9 11969.5 -5.32746e-06 
672 1278.88 11967.5 -4.20221e-06 
673 1280.85 11965.5 -4.87197e-06 
674 1282.83 11963.5 -3.643e-06 
675 1284.81 11961.5 -4.06286e-06 
676 1286.78 11959.6 -5.45746e-06 
677 1288.76 11957.6 -6.34142e-06 
678 1290.73 11955.6 -7.36375e-06 
679 1292.71 11953.6 -6.98567e-06 
680 1294.68 11951.7 -6.56616e-06 
681 1296.66 11949.7 -3.49534e-06 
682 1298.63 11947.7 -1.36053e-06 
683 1300.6 11945.8 -8.08975e-07 
684 1302.57 11943.8 -1.92133e-06 
685 1304.53 11941.8 -2.03517e-06 
686 1306.5 11939.9 -2.06992e-06 
687 1308.46 11937.9 -2.07253e-06 
688 1310.42 11935.9 -1.82062e-06 
689 1312.38 11934 -3.93873e-06 
690 1314.34 11932 -1.64512e-06 
691 1316.29 11930.1 -1.46495e-06 
692 1318.25 11928.1 -6.27889e-07 
693 1320.2 11926.2 2.55891e-07 
694 1322.15 11924.2 -2.68707e-06 
695 1324.1 11922.3 -3.57929e-06 
696 1326.05 11920.3 -3.73019e-06 
697 1328 11918.4 -3.74838e-06 
698 1329.95 11916.4 -3.46162e-06 
699 1331.9 11914.5 -2.19005e-06 
700 1333.85 11912.5 -2.2073e-06 
701 1335.8 11910.6 -3.2177e-06 
702 1337.75 11908.6 -5.65214e-06 
703 1339.7 11906.7 -7.74808e-06 
704 1341.65 11904.7 -5.77399e-06 
705 1343.61 11902.7 -5.63942e-06 
706 1345.56 11900.8 -4.85625e-06 
707 1347.52 11898.8 -3.39232e-06 
708 1349.48 11896.9 -1.53239e-06 
709 1351.45 11894.9 -3.11961e-06 
710 1353.41 11892.9 -3.41842e-06 
711 1355.38 11891 -3.83105e-06 
712 1357.35 11889 -1.46254e-06 
713 1359.33 11887 7.12855e-08 
714 1361.31 11885 1.24952e-06 
715 1363.29 11883.1 2.41017e-06 
716 1365.27 11881.1 3.72814e-06 
717 1367.26 11879.1 -8.16111e-08 
718 1369.25 11877.1 9.66036e-07 
719 1371.25 11875.1 1.24547e-06 
720 1373.24 11873.1 2.1e-07 
721 1375.24 11871.1 2.83477e-07 
722 1377.24 11869.1 5.51027e-07 
723 1379.25 11867.1 6.43108e-07 
724 1381.26 11865.1 1.3751e-07 
725 1383.27 11863.1 -1.96405e-06 
726 1385.28 11861.1 -3.85175e-06 
727 1387.3 11859.1 -1.85343e-06 
728 1389.32 11857 -8.2653e-07 
729 1391.34 11855 1.74386e-06 
730 1393.37 11853 3.13301e-06 
731 1395.4 11851 4.85156e-06 
732 1397.43 11848.9 5.69927e-06 
733 1399.46 11846.9 6.53442e-06 
734 1401.5 11844.9 6.62817e-06 
735 1403.54 11842.8 6.10551e-06 
736 1405.57 11840.8 3.72169e-06 
737 1407.61 11838.7 3.20082e-06 
738 1409.66 11836.7 3.3766e-06 
739 1411.7 11834.7 5.16328e-06 
740 1413.74 11832.6 4.74432e-06 
741 1415.78 11830.6 4.23374e-06 
742 1417.82 11828.5 3.04151e-06 
743 1419.85 11826.5 6.05219e-06 
744 1421.89 11824.5 4.7074e-06 
745 1423.92 11822.4 4.51904e-06 
746 1425.95 11820.4 4.1979e-06 
747 1427.97 11818.4 1.57821e-06 
748 1429.99 11816.4 -2.26882e-07 
749 1432.01 11814.3 -1.09527e-06 
750 1434.02 11812.3 -6.31997e-07 
751 1436.02 11810.3 -9.61655e-07 
752 1438.01 11808.3 -2.27632e-06 
753 1440 11806.4 -2.87653e-06 
754 1441.98 11804.4 -4.19109e-06 
755 1443.94 11802.4 -3.46816e-06 
756 1445.9 11800.5 -4.06773e-06 
757 1447.85 11798.5 -2.92832e-06 
758 1449.79 11796.6 -2.75165e-06 
759 1451.71 11794.6 -4.41855e-06 
760 1453.63 11792.7 -6.28017e-06 
761 1455.53 11790.8 -8.61377e-06 
762 1457.42 11788.9 -7.49672e-06 
763 1459.3 11787.1 -9.8561e-06 
764 1461.17 11785.2 -9.77521e-06 
765 1463.04 11783.3 -1.17535e-05 
766 1464.89 11781.5 -1.25718e-05 
767 1466.73 11779.6 -1.29353e-05 
768 1468.57 11777.8 -1.31505e-05 
769 1470.39 11776 -1.34358e-05 
770 1472.22 11774.1 -1.60585e-05 
771 1474.03 11772.3 -1.68478e-05 
772 1475.85 11770.5 -1.56449e-05 
773 1477.66 11768.7 -1.54133e-05 
774 1479.46 11766.9 -1.58247e-05 
775 1481.27 11765.1 -1.51276e-05 
776 1483.07 11763.3 -1.56655e-05 
777 1484.88 11761.5 -1.59522e-05 
778 1486.68 11759.7 -1.47675e-05 
779 1488.49 11757.9 -1.51148e-05 
780 1490.29 11756.1 -1.53521e-05 
781 1492.1 11754.3 -1.35713e-05 
782 1493.91 11752.4 -1.18504e-05 
783 1495.73 11750.6 -1.3578e-05 
784 1497.54 11748.8 -1.24869e-05 
785 1499.36 11747 -1.12812e-05 
786 1501.18 11745.2 -1.2808e-05 
787 1503.01 11743.3 -1.32224e-05 
788 1504.84 11741.5 -1.41001e-05 
789 1506.67 11739.7 -1.29322e-05 
790 1508.51 11737.8 -1.34506e-05 
791 1510.36 11736 -1.04593e-05 
792 1512.2 11734.1 -8.48767e-06 
793 1514.06 11732.3 -8.01036e-06 
794 1515.92 11730.4 -9.46653e-06 
795 1517.78 11728.6 -9.36571e-06 
796 1519.65 11726.7 -8.11755e-06 
797 1521.53 11724.8 -5.82872e-06 
798 1523.41 11722.9 -4.41662e-06 
799 1525.3 11721.1 -3.78354e-06 
800 1527.2 11719.2 -4.31475e-06 
801 1529.1 11717.3 -3.06163e-06 
802 1531 11715.3 -3.57678e-06 
803 1532.92 11713.4 -4.37114e-06 
804 1534.84 11711.5 -7.25064e-06 
805 1536.76 11709.6 -7.21575e-06 
806 1538.69 11707.7 -9.43887e-06 
807 1540.62 11705.7 -8.78465e-06 
808 1542.56 11703.8 -1.1414e-05 
809 1544.5 11701.9 -1.2096e-05 
810 1546.44 11699.9 -1.17533e-05 
811 1548.39 11698 -1.25124e-05 
812 1550.34 11696 -1.3011e-05 
813 1552.29 11694.1 -1.07631e-05 
814 1554.24 11692.1 -9.55315e-06 
815 1556.19 11690.2 -1.01503e-05 
816 1558.15 11688.2 -1.00083e-05 
817 1560.1 11686.3 -8.61805e-06 
818 1562.05 11684.3 -9.74383e-06 
819 1564 11682.4 -1.01758e-05 
820 1565.95 11680.4 -1.01355e-05 
821 1567.9 11678.5 -9.79989e-06 
822 1569.84 11676.5 -1.09358e-05 
823 1571.79 11674.6 -1.04133e-05 
824 1573.73 11672.6 -8.09892e-06 
825 1575.67 11670.7 -9.11607e-06 
826 1577.61 11668.7 -1.05841e-05 
827 1579.55 11666.8 -8.27362e-06 
828 1581.49 11664.9 -6.84831e-06 
829 1583.43 11662.9 -7.33805e-06 
830 1585.38 11661 -7.65603e-06 
831 1587.32 11659 -7.18283e-06 
832 1589.27 11657.1 -7.5732e-06 
833 1591.21 11655.1 -8.85727e-06 
834 1593.16 11653.2 -7.89457e-06 
835 1595.12 11651.2 -6.78346e-06 
836 1597.07 11649.3 -4.21847e-06 
837 1599.03 11647.3 -6.0325e-06 
838 1600.99 11645.4 -5.39062e-06 
839 1602.95 11643.4 -4.96977e-06 
840 1604.91 11641.4 -3.77508e-06 
841 1606.88 11639.5 -1.80212e-06 
842 1608.84 11637.5 -1.09843e-06 
843 1610.81 11635.5 -6.70969e-07 
844 1612.78 11633.6 1.58822e-06 
845 1614.75 11631.6 2.3015e-06 
846 1616.71 11629.6 2.00033e-06 
847 1618.68 11627.7 1.63293e-06 
848 1620.64 11625.7 1.31809e-06 
849 1622.61 11623.7 -3.07401e-07 
850 1624.57 11621.8 -1.91778e-07 
851 1626.53 11619.8 -1.17137e-07 
852 1628.48 11617.9 -2.53386e-07 
853 1630.43 11615.9 -1.66353e-06 
854 1632.38 11614 -3.44468e-06 
855 1634.32 11612 -5.0932e-07 
856 1636.26 11610.1 5.96149e-07 
857 1638.19 11608.2 -1.91828e-06 
858 1640.12 11606.2 -1.50042e-07 
859 1642.04 11604.3 1.88745e-06 
860 1643.96 11602.4 2.43237e-06 
861 1645.87 11600.5 2.91815e-06 
862 1647.78 11598.6 3.3947e-06 
863 1649.68 11596.7 4.13521e-06 
864 1651.58 11594.8 2.72231e-06 
865 1653.48 11592.9 6.9622e-07 
866 1655.38 11591 4.67753e-07 
867 1657.27 11589.1 -5.91084e-07 
868 1659.16 11587.2 -1.61526e-06 
869 1661.06 11585.3 -2.01112e-06 
870 1662.96 11583.4 -2.51666e-06 
871 1664.86 11581.5 -4.54148e-06 
872 1666.76 11579.6 -3.84509e-06 
873 1668.67 11577.7 -1.56332e-06 
874 1670.58 11575.8 3.85959e-07 
875 1672.5 11573.9 -2.4641e-08 
876 1674.42 11571.9 2.83699e-07 
877 1676.35 11570 3.6416e-07 
878 1678.29 11568.1 -6.3598e-08 
879 1680.24 11566.1 8.04281e-07 
880 1682.19 11564.2 1.52616e-06 
881 1684.16 11562.2 2.90525e-06 
882 1686.13 11560.2 2.47542e-06 
883 1688.12 11558.2 3.63882e-06 
884 1690.11 11556.2 4.45668e-06 
885 1692.12 11554.2 5.58502e-06 
886 1694.13 11552.2 7.97598e-06 
887 1696.16 11550.2 1.05098e-05 
888 1698.2 11548.2 7.44996e-06 
889 1700.24 11546.1 7.93699e-06 
890 1702.3 11544.1 7.86508e-06 
891 1704.36 11542 8.53543e-06 
892 1706.44 11539.9 9.95647e-06 
893 1708.52 11537.8 1.07068e-05 
894 1710.61 11535.7 1.18626e-05 
895 1712.7 11533.7 1.08695e-05 
896 1714.8 11531.6 9.3656e-06 
897 1716.9 11529.5 1.2571e-05 
898 1719 11527.3 1.07406e-05 
899 1721.11 11525.2 1.13224e-05 
900 1723.21 11523.1 1.09341e-05 
901 1725.31 11521 1.07639e-05 
902 1727.41 11518.9 9.51599e-06 
903 1729.5 11516.9 8.54402e-06 
904 1731.59 11514.8 7.39363e-06 
905 1733.67 11512.7 8.7022e-06 
906 1735.73 11510.6 1.12213e-05 
907 1737.79 11508.6 1.35024e-05 
908 1739.84 11506.5 1.05254e-05 
909 1741.87 11504.5 9.57147e-06 
910 1743.89 11502.5 9.06646e-06 
911 1745.9 11500.5 9.92927e-06 
912 1747.89 11498.5 1.03888e-05 
913 1749.87 11496.5 9.26037e-06 
914 1751.83 11494.5 1.11939e-05 
915 1753.78 11492.6 1.11207e-05 
916 1755.71 11490.6 1.27798e-05 
917 1757.62 11488.7 1.21485e-05 
918 1759.52 11486.8 1.11553e-05 
919 1761.4 11485 1.00361e-05 
920 1763.26 11483.1 1.00101e-05 
921 1765.11 11481.2 1.07435e-05 
922 1766.94 11479.4 1.10405e-05 
923 1768.76 11477.6 1.22642e-05 
924 1770.56 11475.8 1.40505e-05 
925 1772.35 11474 1.43867e-05 
926 1774.13 11472.2 1.20489e-05 
927 1775.9 11470.5 1.12889e-05 
928 1777.65 11468.7 1.55055e-05 
929 1779.4 11466.9 1.63152e-05 
930 1781.15 11465.2 1.44941e-05 
931 1782.89 11463.5 1.26733e-05 
932 1784.63 11461.7 1.0411e-05 
933 1786.36 11460 9.65909e-06 
934 1788.1 11458.3 6.07835e-06 
935 1789.84 11456.5 4.89414e-06 
936 1791.59 11454.8 6.93386e-06 
937 1793.34 11453 7.06175e-06 
938 1795.09 11451.3 9.02842e-06 
939 1796.86 11449.5 1.00499e-05 
940 1798.63 11447.7 9.44701e-06 
941 1800.42 11445.9 1.12077e-05 
942 1802.21 11444.1 1.0741e-05 
943 1804.02 11442.3 8.22537e-06 
944 1805.84 11440.5 7.90601e-06 
945 1807.67 11438.7 6.37536e-06 
946 1809.51 11436.8 4.89409e-06 
947 1811.37 11435 6.16203e-06 
948 1813.25 11433.1 3.78185e-06 
949 1815.14 11431.2 2.95382e-06 
950 1817.04 11429.3 1.80581e-06 
951 1818.96 11427.4 -2.66672e-08 
952 1820.9 11425.5 1.12451e-06 
953 1822.85 11423.5 -4.12049e-07 
954 1824.82 11421.5 -2.97316e-06 
955 1826.8 11419.6 -2.89435e-06 
956 1828.79 11417.6 -2.36432e-06 
957 1830.8 11415.6 1.05981e-07 
958 1832.82 11413.5 2.74181e-06 
959 1834.85 11411.5 1.48651e-06 
960 1836.89 11409.5 1.17092e-06 
961 1838.93 11407.4 1.24779e-06 
962 1840.99 11405.4 -1.41903e-06 
963 1843.05 11403.3 -1.19132e-06 
964 1845.12 11401.2 -3.59258e-06 
965 1847.19 11399.2 -1.95382e-06 
966 1849.27 11397.1 -2.85435e-06 
967 1851.34 11395 -2.94962e-06 
968 1853.42 11392.9 -1.59168e-06 
969 1855.49 11390.9 -8.02874e-07 
970 1857.57 11388.8 1.64943e-06 
971 1859.64 11386.7 1.60184e-06 
972 1861.7 11384.6 2.06719e-06 
973 1863.77 11382.6 6.41275e-07 
974 1865.83 11380.5 -1.8404e-06 
975 1867.88 11378.5 -1.58817e-06 
976 1869.93 11376.4 -1.46934e-06 
977 1871.98 11374.4 4.39528e-07 
978 1874.02 11372.3 4.08983e-07 
979 1876.05 11370.3 2.78936e-06 
980 1878.08 11368.3 4.36914e-06 
981 1880.11 11366.2 2.64511e-06 
982 1882.13 11364.2 2.47939e-06 
983 1884.14 11362.2 9.7333e-07 
984 1886.15 11360.2 -3.66653e-07 
985 1888.15 11358.2 1.43739e-07 
986 1890.15 11356.2 -8.44353e-08 
987 1892.15 11354.2 -9.23251e-07 
988 1894.13 11352.2 -2.45559e-06 
989 1896.12 11350.2 -3.43911e-06 
990 1898.1 11348.3 -3.30308e-06 
991 1900.07 11346.3 -4.14559e-06 
992 1902.05 11344.3 -6.98848e-06 
993 1904.01 11342.3 -8.68087e-06 
994 1905.97 11340.4 -8.53049e-06 
995 1907.92 11338.4 -8.96297e-06 
996 1909.87 11336.5 -7.44282e-06 
997 1911.81 11334.5 -5.04035e-06 
998 1913.74 11332.6 -2.42744e-06 
999 1915.67 11330.7 -2.66002e-06 
